Case Murcia,2,1,Zaragoza,1,8,1,0,0,0,0,0,0,0,0,0,0,0,0,0,0,1,1
Case R.Madrid,2,1,At.Madrid,1,8,1,0,0,0,0,0,0,0,0,0,0,0,0,0,0,1,1
Case Sevilla,4,1,Getafe,1,8,1,0,0,0,0,0,0,0,0,0,0,0,0,0,0,1,1
Case Athletic,0,0,Osasuna,1,8,1,0,0,0,0,0,0,0,0,0,0,0,0,0,0,1,X
Case Deportivo,0,3,Almería,1,8,1,0,0,0,0,0,0,0,0,0,0,0,0,0,0,1,2
Case Espanyol,0,1,Valladolid,1,8,1,0,0,0,0,0,0,0,0,0,0,0,0,0,0,1,2
Case Recreativo,1,1,Betis,1,8,1,0,0,0,0,0,0,0,0,0,0,0,0,0,0,1,X
Case Mallorca,3,0,Levante,1,8,1,0,0,0,0,0,0,0,0,0,0,0,0,0,0,1,1
Case Racing,0,0,Barcelona,1,8,1,0,0,0,0,0,0,0,0,0,0,0,0,0,0,1,X
Case Valencia,0,3,Villarreal,1,8,1,0,0,0,0,0,0,0,0,0,0,0,0,0,0,1,2
Case Levante,0,0,Murcia,2,8,1,18,0,0,3,0,0,6,3,2,1,3,0,0,0,1,X
Case Zaragoza,1,1,Racing,2,8,1,14,0,1,2,0,0,13,1,0,0,1,0,0,0,1,X
Case At.Madrid,1,1,Mallorca,2,8,1,15,1,0,0,0,1,4,3,3,0,3,0,0,0,1,X
Case Barcelona,3,1,Athletic,2,8,1,12,1,0,0,0,1,11,1,0,0,1,0,0,0,1,1
Case Betis,2,2,Espanyol,2,8,1,8,1,1,1,0,1,16,0,0,1,0,0,0,0,1,X
Case Getafe,1,1,Recreativo,2,8,1,17,0,1,4,0,0,9,1,1,1,1,0,0,0,1,X
Case Almería,1,2,Valencia,2,8,1,2,3,3,0,0,3,20,0,0,3,0,0,0,0,1,2
Case Valladolid,2,2,Deportivo,2,8,1,7,3,1,0,0,3,19,0,0,3,0,0,0,0,1,X
Case Villarreal,0,5,R.Madrid,2,8,1,3,3,3,0,0,3,5,3,2,1,3,0,0,0,1,2
Case Osasuna,1,1,Sevilla,2,8,1,10,1,0,0,0,1,1,3,4,1,3,0,0,0,1,X
Case Athletic,1,1,Zaragoza,3,8,1,17,17,15,16,8,9,14,18,21,22,14,4,0,0,1,X
Case R.Madrid,3,1,Almería,3,8,1,1,32,33,14,21,11,7,16,12,15,8,8,0,0,1,1
Case Valencia,2,1,Valladolid,3,8,1,9,24,20,23,9,15,4,16,21,26,9,7,0,0,1,1
Case Deportivo,1,0,Betis,3,8,1,18,13,13,21,4,9,10,11,13,22,8,3,0,0,1,1
Case Espanyol,1,0,Getafe,3,8,1,16,26,20,15,14,12,19,18,16,17,14,4,0,0,1,1
Case Mallorca,0,1,Villarreal,3,8,1,2,20,24,21,11,9,8,28,26,21,16,12,0,0,1,2
Case Murcia,1,1,At.Madrid,3,8,1,5,15,10,15,9,6,15,16,17,18,9,7,0,0,1,X
Case Osasuna,0,0,Barcelona,3,8,1,13,16,17,18,9,7,3,28,27,11,21,7,0,0,1,X
Case Racing,1,0,Levante,3,8,1,12,23,12,12,14,9,20,7,11,29,7,0,0,0,1,1
Case Sevilla,4,1,Recreativo,3,8,1,6,16,25,21,12,4,11,15,10,19,11,4,0,0,1,1
Case Barcelona,2,1,Sevilla,4,8,1,5,5,3,1,3,2,2,6,8,2,6,0,0,0,1,1
Case Recreativo,2,1,Espanyol,4,8,1,18,2,3,6,1,1,10,4,3,3,3,1,0,0,1,1
Case At.Madrid,4,0,Racing,4,8,1,16,2,0,0,1,1,7,5,2,1,4,1,0,0,1,1
Case Betis,1,2,Valencia,4,8,1,14,2,3,4,1,1,4,6,4,5,3,3,0,0,1,2
Case Getafe,0,0,Deportivo,4,8,1,19,1,2,6,1,0,11,4,3,5,3,1,0,0,1,X
Case Levante,1,2,Athletic,4,8,1,20,1,0,4,1,0,17,2,2,4,2,0,0,0,1,2
Case Almería,1,1,Mallorca,4,8,1,12,3,5,5,0,3,8,4,4,2,3,1,0,0,1,X
Case Valladolid,1,1,R.Madrid,4,8,1,9,4,4,4,1,3,1,9,10,2,6,3,0,0,1,X
Case Villarreal,2,0,Murcia,4,8,1,3,6,4,5,0,6,6,5,3,2,4,1,0,0,1,1
Case Zaragoza,2,1,Osasuna,4,8,1,15,2,3,4,1,1,13,2,0,0,1,1,0,0,1,1
Case Sevilla,2,3,Espanyol,5,8,1,5,6,9,4,6,0,16,4,4,5,3,1,0,0,1,2
Case Athletic,0,2,At.Madrid,5,8,1,10,5,4,5,2,3,6,5,7,4,4,1,0,0,1,2
Case Barcelona,4,1,Zaragoza,5,8,1,4,8,5,2,6,2,9,5,5,5,4,1,0,0,1,1
Case Deportivo,0,2,Recreativo,5,8,1,13,5,3,5,3,2,12,5,5,7,4,1,0,0,1,2
Case Mallorca,4,2,Valladolid,5,8,1,7,5,5,3,3,2,8,5,5,5,2,3,0,0,1,1
Case Murcia,0,1,Almería,5,8,1,11,5,3,4,4,1,15,4,6,6,1,3,0,0,1,2
Case Osasuna,4,1,Levante,5,8,1,17,2,1,2,1,1,20,1,1,6,1,0,0,0,1,1
Case Racing,0,2,Villarreal,5,8,1,14,5,2,5,4,1,2,9,6,5,3,6,0,0,1,2
Case Valencia,2,1,Getafe,5,8,1,3,9,6,6,3,6,19,2,2,6,2,0,0,0,1,1
Case R.Madrid,2,0,Betis,5,8,1,1,10,11,3,6,4,18,2,4,6,1,1,0,0,1,1
Case Levante,1,4,Barcelona,6,8,1,20,1,2,10,1,0,4,11,9,3,9,2,0,0,1,2
Case Zaragoza,2,0,Sevilla,6,8,1,14,5,6,9,4,1,10,6,11,7,6,0,0,0,1,1
Case At.Madrid,2,0,Osasuna,6,8,1,5,8,9,4,4,4,11,5,5,3,4,1,0,0,1,1
Case Betis,3,0,Mallorca,6,8,1,18,2,4,8,1,1,6,8,9,5,6,2,0,0,1,1
Case Espanyol,1,0,Deportivo,6,8,1,9,7,7,7,3,4,16,5,3,7,3,2,0,0,1,1
Case Getafe,0,1,R.Madrid,6,8,1,19,2,3,8,2,0,1,13,13,3,9,4,0,0,1,2
Case Recreativo,0,1,Valencia,6,8,1,7,8,7,7,4,4,3,12,8,7,6,6,0,0,1,2
Case Almería,0,1,Racing,6,8,1,8,7,7,6,1,6,17,5,2,7,4,1,0,0,1,2
Case Valladolid,1,4,Murcia,6,8,1,12,5,7,9,2,3,13,5,3,5,4,1,0,0,1,2
Case Villarreal,1,0,Athletic,6,8,1,2,12,8,5,3,9,15,5,4,7,2,3,0,0,1,1
Case Valencia,1,2,Espanyol,7,8,1,3,15,9,7,6,9,6,10,8,7,6,4,0,0,1,2
Case Athletic,1,1,Almería,7,8,1,16,5,4,8,2,3,12,7,7,7,1,6,0,0,1,X
Case Barcelona,3,0,At.Madrid,7,8,1,4,14,13,4,9,5,5,11,11,4,7,4,0,0,1,1
Case Mallorca,4,2,Getafe,7,8,1,7,8,9,8,6,2,19,2,3,9,2,0,0,0,1,1
Case Murcia,0,0,Betis,7,8,1,8,8,7,6,4,4,15,5,7,8,4,1,0,0,1,X
Case Osasuna,3,2,Villarreal,7,8,1,14,5,5,5,4,1,2,15,9,5,6,9,0,0,1,1
Case Racing,2,0,Valladolid,7,8,1,11,8,3,7,4,4,17,5,8,13,2,3,0,0,1,1
Case R.Madrid,2,0,Recreativo,7,8,1,1,16,14,3,9,7,10,8,7,8,4,4,0,0,1,1
Case Sevilla,0,1,Deportivo,7,8,1,13,6,11,9,6,0,18,5,3,8,3,2,0,0,1,2
Case Zaragoza,3,0,Levante,7,8,1,9,8,8,9,7,1,20,1,3,14,1,0,0,0,1,1
Case Deportivo,2,4,Valencia,8,8,1,14,8,4,8,3,5,4,15,10,9,6,9,0,0,1,2
Case Espanyol,2,1,R.Madrid,8,8,1,5,13,10,8,6,7,1,19,16,3,12,7,0,0,1,1
Case Levante,0,2,Sevilla,8,8,1,20,1,3,17,1,0,15,6,11,10,6,0,0,0,1,2
Case Villarreal,3,1,Barcelona,8,8,1,3,15,11,8,6,9,2,17,16,4,12,5,0,0,1,1
Case At.Madrid,4,0,Zaragoza,8,8,1,6,11,11,7,7,4,8,11,11,9,10,1,0,0,1,1
Case Betis,1,1,Racing,8,8,1,16,6,7,8,4,2,9,11,5,7,7,4,0,0,1,X
Case Getafe,2,0,Murcia,8,8,1,19,2,5,13,2,0,10,9,7,6,5,4,0,0,1,1
Case Recreativo,0,2,Mallorca,8,8,1,13,8,7,10,4,4,7,11,13,10,9,2,0,0,1,2
Case Almería,2,0,Osasuna,8,8,1,12,8,8,8,1,7,11,8,8,7,7,1,0,0,1,1
Case Valladolid,1,2,Athletic,8,8,1,18,5,8,15,2,3,17,6,5,9,3,3,0,0,1,2
Case Athletic,0,0,Betis,9,8,1,13,9,7,10,3,6,17,7,8,9,5,2,0,0,1,X
Case Mallorca,2,2,Espanyol,9,8,1,7,14,15,10,9,5,5,16,12,9,9,7,0,0,1,X
Case Barcelona,2,0,Almería,9,8,1,4,17,17,7,12,5,9,11,10,8,4,7,0,0,1,1
Case Levante,0,1,At.Madrid,9,8,1,20,1,3,19,1,0,6,14,15,7,10,4,0,0,1,2
Case Murcia,1,0,Recreativo,9,8,1,12,9,7,8,5,4,15,8,7,12,4,4,0,0,1,1
Case Osasuna,2,2,Valladolid,9,8,1,14,8,8,9,7,1,19,5,9,17,2,3,0,0,1,X
Case Racing,2,0,Getafe,9,8,1,8,12,6,8,7,5,18,5,7,13,5,0,0,0,1,1
Case R.Madrid,3,1,Deportivo,9,8,1,1,19,17,5,12,7,16,8,6,12,3,5,0,0,1,1
Case Sevilla,3,0,Valencia,9,8,1,11,9,13,10,6,3,3,18,14,11,6,12,0,0,1,1
Case Zaragoza,4,1,Villarreal,9,8,1,10,11,11,13,10,1,2,18,14,9,9,9,0,0,1,1
Case At.Madrid,4,3,Sevilla,10,8,1,5,17,16,7,10,7,10,12,16,10,9,3,0,0,1,1
Case Betis,0,3,Osasuna,10,8,1,15,8,8,9,5,3,14,9,10,11,8,1,0,0,1,2
Case Deportivo,1,1,Mallorca,10,8,1,17,8,7,15,3,5,7,15,17,12,10,5,0,0,1,X
Case Getafe,2,0,Athletic,10,8,1,19,5,7,15,5,0,13,10,7,10,4,6,0,0,1,1
Case Recreativo,0,0,Racing,10,8,1,16,8,7,13,4,4,8,15,8,8,10,5,0,0,1,X
Case Almería,0,1,Zaragoza,10,8,1,12,11,10,10,4,7,9,14,15,14,13,1,0,0,1,2
Case Valencia,1,5,R.Madrid,10,8,1,4,18,14,14,6,12,1,22,20,6,15,7,0,0,1,2
Case Villarreal,3,0,Levante,10,8,1,3,18,15,13,9,9,20,1,3,20,1,0,0,0,1,1
Case Espanyol,0,0,Murcia,10,8,1,6,17,14,11,9,8,11,12,8,8,8,4,0,0,1,X
Case Valladolid,1,1,Barcelona,10,8,1,18,6,11,19,2,4,2,20,19,7,15,5,0,0,1,X
Case Mallorca,0,2,Valencia,11,8,1,8,16,18,13,10,6,6,18,15,19,6,12,0,0,1,2
Case Sevilla,2,0,R.Madrid,11,8,1,11,12,19,14,9,3,1,25,25,7,15,10,0,0,1,1
Case Athletic,2,0,Recreativo,11,8,1,14,10,7,12,4,6,15,9,7,13,5,4,0,0,1,1
Case At.Madrid,3,4,Villarreal,11,8,1,4,20,20,10,13,7,3,21,18,13,12,9,0,0,1,2
Case Barcelona,3,0,Betis,11,8,1,2,21,20,8,15,6,17,8,8,12,5,3,0,0,1,1
Case Levante,3,0,Almería,11,8,1,20,1,3,23,1,0,13,11,10,11,4,7,0,0,1,1
Case Murcia,0,2,Deportivo,11,8,1,10,13,8,8,8,5,16,9,8,16,4,5,0,0,1,2
Case Osasuna,0,2,Getafe,11,8,1,12,12,13,11,8,4,18,8,9,15,8,0,0,0,1,2
Case Racing,1,1,Espanyol,11,8,1,9,16,8,8,10,6,5,18,14,11,10,8,0,0,1,X
Case Zaragoza,2,3,Valladolid,11,8,1,7,17,16,14,13,4,19,7,12,20,3,4,0,0,1,2
Case Getafe,2,0,Barcelona,12,8,1,15,11,11,15,8,3,2,24,23,8,18,6,0,0,1,1
Case Valencia,3,0,Murcia,12,8,1,4,21,17,19,6,15,11,13,8,10,8,5,0,0,1,1
Case Betis,2,1,Zaragoza,12,8,1,19,8,8,15,5,3,7,17,18,17,13,4,0,0,1,1
Case Deportivo,0,1,Racing,12,8,1,14,12,10,16,4,8,8,17,9,9,11,6,0,0,1,2
Case Espanyol,2,1,Athletic,12,8,1,6,19,15,12,10,9,12,13,9,12,7,6,0,0,1,1
Case Recreativo,1,0,Osasuna,12,8,1,18,9,7,15,5,4,13,12,13,13,8,4,0,0,1,1
Case R.Madrid,4,3,Mallorca,12,8,1,1,25,25,9,15,10,9,16,18,15,10,6,0,0,1,1
Case Almería,0,0,At.Madrid,12,8,1,16,11,10,14,4,7,5,20,23,14,13,7,0,0,1,X
Case Valladolid,1,0,Levante,12,8,1,17,10,15,22,3,7,20,4,6,23,4,0,0,0,1,1
Case Villarreal,3,2,Sevilla,12,8,1,3,24,22,16,12,12,10,15,21,14,12,3,0,0,1,1
Case Barcelona,3,0,Recreativo,13,8,1,3,24,23,10,18,6,18,12,8,15,8,4,0,0,1,1
Case Murcia,1,1,R.Madrid,13,8,1,13,13,8,13,8,5,1,28,29,12,18,10,0,0,1,X
Case Sevilla,1,2,Mallorca,13,8,1,10,15,23,17,12,3,9,16,21,19,10,6,0,0,1,2
Case Athletic,2,2,Deportivo,13,8,1,12,13,10,14,7,6,17,12,10,17,4,8,0,0,1,X
Case At.Madrid,4,3,Valladolid,13,8,1,6,21,23,14,13,8,14,13,16,22,6,7,0,0,1,1
Case Levante,4,3,Betis,13,8,1,20,4,6,24,4,0,19,11,10,16,8,3,0,0,1,1
Case Osasuna,1,2,Espanyol,13,8,1,15,12,13,14,8,4,5,22,17,13,13,9,0,0,1,2
Case Racing,1,0,Valencia,13,8,1,7,20,10,9,11,9,4,24,20,19,9,15,0,0,1,1
Case Villarreal,1,1,Almería,13,8,1,2,27,25,18,15,12,16,12,10,14,5,7,0,0,1,X
Case Zaragoza,1,1,Getafe,13,8,1,8,17,19,19,13,4,11,14,13,15,11,3,0,0,1,X
Case Espanyol,1,1,Barcelona,14,8,1,4,25,19,14,13,12,3,27,26,10,21,6,0,0,1,X
Case R.Madrid,3,1,Racing,14,8,1,1,29,30,13,18,11,7,23,11,9,14,9,0,0,1,1
Case Almería,1,0,Sevilla,14,8,1,14,13,11,15,5,8,10,15,24,19,12,3,0,0,1,1
Case Betis,0,2,At.Madrid,14,8,1,19,11,13,20,8,3,5,24,27,17,16,8,0,0,1,2
Case Deportivo,1,2,Osasuna,14,8,1,16,13,12,19,4,9,17,12,14,16,8,4,0,0,1,2
Case Getafe,2,1,Levante,14,8,1,11,15,14,16,11,4,20,7,10,27,7,0,0,0,1,1
Case Recreativo,2,1,Zaragoza,14,8,1,18,12,8,18,8,4,9,18,20,20,14,4,0,0,1,1
Case Mallorca,1,1,Murcia,14,8,1,8,19,23,20,10,9,13,14,9,14,9,5,0,0,1,X
Case Valencia,0,3,Athletic,14,8,1,6,24,20,20,9,15,12,14,12,16,8,6,0,0,1,2
Case Valladolid,2,0,Villarreal,14,8,1,15,13,19,26,6,7,2,28,26,19,16,12,0,0,1,1
Case Athletic,0,1,R.Madrid,15,8,1,11,17,15,16,8,9,1,32,33,14,21,11,0,0,1,2
Case Osasuna,0,0,Valencia,15,8,1,15,15,16,17,8,7,6,24,20,23,9,15,0,0,1,X
Case At.Madrid,1,0,Getafe,15,8,1,4,27,29,17,16,11,10,18,16,17,14,4,0,0,1,1
Case Barcelona,2,1,Deportivo,15,8,1,2,28,27,11,21,7,18,13,13,21,4,9,0,0,1,1
Case Levante,0,2,Recreativo,15,8,1,20,7,11,29,7,0,17,15,10,19,11,4,0,0,1,2
Case Racing,3,1,Mallorca,15,8,1,7,23,12,12,14,9,8,20,24,21,11,9,0,0,1,1
Case Sevilla,3,1,Murcia,15,8,1,14,15,24,20,12,3,16,15,10,15,9,6,0,0,1,1
Case Almería,1,0,Valladolid,15,8,1,12,16,12,15,8,8,13,16,21,26,9,7,0,0,1,1
Case Villarreal,0,1,Betis,15,8,1,3,28,26,21,16,12,19,11,13,22,8,3,0,0,1,2
Case Zaragoza,3,3,Espanyol,15,8,1,9,18,21,22,14,4,5,26,20,15,14,12,0,0,1,X
Case Espanyol,1,0,Levante,16,8,1,5,27,23,18,14,13,20,7,11,31,7,0,0,0,1,1
Case Valencia,0,3,Barcelona,16,8,1,7,25,20,23,9,16,2,31,29,12,24,7,0,0,1,2
Case Betis,3,1,Almería,16,8,1,18,14,14,22,8,6,11,19,13,15,11,8,0,0,1,1
Case Deportivo,1,1,Zaragoza,16,8,1,19,13,14,23,4,9,10,19,24,25,15,4,0,0,1,X
Case Getafe,1,3,Villarreal,16,8,1,12,18,16,18,14,4,4,28,26,22,16,12,0,0,1,2
Case Recreativo,0,0,At.Madrid,16,8,1,13,18,12,19,11,7,3,30,30,17,19,11,0,0,1,X
Case Mallorca,0,0,Athletic,16,8,1,8,20,25,24,11,9,15,17,15,17,8,9,0,0,1,X
Case Murcia,2,1,Racing,16,8,1,17,15,11,18,9,6,6,26,15,13,17,9,0,0,1,1
Case R.Madrid,2,0,Osasuna,16,8,1,1,35,34,14,21,14,14,17,17,18,10,7,0,0,1,1
Case Valladolid,0,0,Sevilla,16,8,1,16,16,21,27,9,7,9,19,28,22,15,4,0,0,1,X
Case Sevilla,4,1,Racing,17,8,1,9,20,28,22,15,5,6,26,16,15,17,9,0,0,1,1
Case Almería,0,2,Getafe,17,8,1,11,19,14,18,11,8,14,18,17,21,14,4,0,0,1,2
Case Zaragoza,2,2,Valencia,17,8,1,10,20,25,26,15,5,7,25,20,26,9,16,0,0,1,X
Case Athletic,1,1,Murcia,17,8,1,13,18,15,17,8,10,15,18,13,19,12,6,0,0,1,X
Case At.Madrid,1,2,Espanyol,17,8,1,3,31,30,17,19,12,5,30,24,18,17,13,0,0,1,2
Case Barcelona,0,1,R.Madrid,17,8,1,2,34,32,12,24,10,1,38,36,14,24,14,0,0,1,2
Case Levante,0,1,Deportivo,17,8,1,20,7,11,32,7,0,19,14,15,24,5,9,0,0,1,2
Case Osasuna,3,1,Mallorca,17,8,1,16,17,17,20,10,7,8,21,25,24,12,9,0,0,1,1
Case Valladolid,0,0,Betis,17,8,1,17,17,21,27,10,7,18,17,17,23,11,6,0,0,1,X
Case Villarreal,1,1,Recreativo,17,8,1,4,31,29,23,16,15,12,19,12,19,12,7,0,0,1,X
Case Espanyol,3,0,Villarreal,18,8,1,3,33,26,19,17,16,4,32,30,24,17,15,0,0,1,1
Case Mallorca,0,2,Barcelona,18,8,1,10,21,26,27,12,9,2,34,32,13,24,10,0,0,1,2
Case Deportivo,0,3,At.Madrid,18,8,1,19,17,16,24,5,12,5,31,31,19,19,12,0,0,1,2
Case Getafe,0,3,Valladolid,18,8,1,11,21,19,21,14,7,17,18,21,27,11,7,0,0,1,2
Case Recreativo,1,1,Almería,18,8,1,13,20,13,20,12,8,15,19,14,20,11,8,0,0,1,X
Case Murcia,2,0,Osasuna,18,8,1,16,19,14,20,12,7,12,20,20,21,13,7,0,0,1,1
Case Racing,1,0,Athletic,18,8,1,6,26,17,19,17,9,14,19,16,18,9,10,0,0,1,1
Case R.Madrid,2,0,Zaragoza,18,8,1,1,41,37,14,24,17,9,21,27,28,16,5,0,0,1,1
Case Sevilla,3,0,Betis,18,8,1,8,23,32,23,18,5,18,18,17,23,11,7,0,0,1,1
Case Valencia,0,0,Levante,18,8,1,7,26,22,28,9,17,20,7,11,33,7,0,0,0,1,X
Case Athletic,2,0,Sevilla,19,8,1,17,19,16,19,9,10,8,26,35,23,21,5,0,0,1,1
Case Barcelona,4,0,Murcia,19,8,1,2,37,34,13,24,13,9,22,16,20,15,7,0,0,1,1
Case At.Madrid,1,0,Valencia,19,8,1,4,34,34,19,19,15,7,27,22,28,10,17,0,0,1,1
Case Betis,3,2,Getafe,19,8,1,18,18,17,26,11,7,13,21,19,24,14,7,0,0,1,1
Case Levante,0,2,R.Madrid,19,8,1,20,8,11,33,7,1,1,44,39,14,27,17,0,0,1,2
Case Osasuna,0,2,Racing,19,8,1,15,20,20,23,13,7,6,29,18,19,20,9,0,0,1,2
Case Almería,1,0,Espanyol,19,8,1,16,20,15,21,11,9,3,36,29,19,20,16,0,0,1,1
Case Valladolid,3,1,Recreativo,19,8,1,12,21,24,27,11,10,14,21,14,21,13,8,0,0,1,1
Case Villarreal,4,3,Deportivo,19,8,1,5,32,30,27,17,15,19,17,16,27,5,12,0,0,1,1
Case Zaragoza,2,2,Mallorca,19,8,1,10,21,27,30,16,5,11,21,26,29,12,9,0,0,1,X
Case Getafe,3,2,Sevilla,20,8,1,15,21,21,27,14,7,8,26,35,25,21,5,0,0,1,1
Case Villarreal,3,0,Valencia,20,8,1,5,35,34,30,20,15,7,27,22,29,10,17,0,0,1,1
Case At.Madrid,0,2,R.Madrid,20,8,1,3,37,35,19,22,15,1,47,41,14,27,20,0,0,1,2
Case Barcelona,1,0,Racing,20,8,1,2,40,38,13,27,13,6,32,20,19,20,12,0,0,1,1
Case Betis,1,1,Recreativo,20,8,1,16,21,20,28,14,7,17,21,15,24,13,8,0,0,1,X
Case Levante,2,2,Mallorca,20,8,1,20,8,11,35,7,1,13,22,28,31,12,10,0,0,1,X
Case Osasuna,2,0,Athletic,20,8,1,18,20,20,25,13,7,11,22,18,19,12,10,0,0,1,1
Case Almería,1,0,Deportivo,20,8,1,10,23,16,21,14,9,19,17,19,31,5,12,0,0,1,1
Case Valladolid,2,1,Espanyol,20,8,1,9,24,27,28,14,10,4,36,29,20,20,16,0,0,1,1
Case Zaragoza,3,1,Murcia,20,8,1,12,22,29,32,17,5,14,22,16,24,15,7,0,0,1,1
Case Sevilla,2,1,Osasuna,21,8,1,9,26,37,28,21,5,14,23,22,25,16,7,0,0,1,1
Case Athletic,1,1,Barcelona,21,8,1,15,22,18,21,12,10,2,43,39,13,30,13,0,0,1,X
Case Deportivo,3,1,Valladolid,21,8,1,19,17,19,32,5,12,7,27,29,29,17,10,0,0,1,1
Case Espanyol,1,2,Betis,21,8,1,5,36,30,22,20,16,16,22,21,29,15,7,0,0,1,2
Case Recreativo,1,3,Getafe,21,8,1,17,22,16,25,13,9,12,24,24,29,17,7,0,0,1,2
Case Mallorca,1,0,At.Madrid,21,8,1,13,23,30,33,12,11,4,37,35,21,22,15,0,0,1,1
Case Murcia,2,3,Levante,21,8,1,18,22,17,27,15,7,20,9,13,37,8,1,0,0,1,2
Case Racing,2,2,Zaragoza,21,8,1,6,32,20,20,20,12,11,25,32,33,20,5,0,0,1,X
Case R.Madrid,3,2,Villarreal,21,8,1,1,50,43,14,27,23,3,38,37,30,23,15,0,0,1,1
Case Valencia,0,1,Almería,21,8,1,8,27,22,32,10,17,10,26,17,21,17,9,0,0,1,2
Case Betis,0,1,Deportivo,22,8,1,14,25,23,30,15,10,19,20,22,33,8,12,0,0,1,2
Case Almería,2,0,R.Madrid,22,8,1,8,29,18,21,17,12,1,53,46,16,30,23,0,0,1,1
Case At.Madrid,1,1,Murcia,22,8,1,4,37,35,22,22,15,17,22,19,30,15,7,0,0,1,X
Case Barcelona,1,0,Osasuna,22,8,1,2,44,40,14,30,14,15,23,23,27,16,7,0,0,1,1
Case Getafe,0,1,Espanyol,22,8,1,10,27,27,30,17,10,5,36,31,24,20,16,0,0,1,2
Case Recreativo,1,2,Sevilla,22,8,1,18,22,17,28,13,9,7,29,39,29,24,5,0,0,1,2
Case Levante,1,1,Racing,22,8,1,20,12,16,39,8,4,6,33,22,22,21,12,0,0,1,X
Case Valladolid,0,2,Valencia,22,8,1,9,27,30,32,17,10,11,27,22,33,10,17,0,0,1,2
Case Villarreal,1,1,Mallorca,22,8,1,3,38,39,33,23,15,13,26,31,33,15,11,0,0,1,X
Case Zaragoza,1,0,Athletic,22,8,1,12,26,34,35,20,6,16,23,19,22,13,10,0,0,1,1
Case Deportivo,1,1,Getafe,23,8,1,17,23,23,33,8,15,13,27,27,31,17,10,0,0,1,X
Case Murcia,0,1,Villarreal,23,8,1,18,23,20,31,15,8,4,39,40,34,24,15,0,0,1,2
Case Sevilla,1,1,Barcelona,23,8,1,7,32,41,30,24,8,2,47,41,14,33,14,0,0,1,X
Case Athletic,1,0,Levante,23,8,1,15,23,19,23,13,10,20,13,17,40,9,4,0,0,1,1
Case Espanyol,1,2,Recreativo,23,8,1,3,39,32,24,20,19,19,22,18,30,13,9,0,0,1,2
Case Mallorca,0,0,Almería,23,8,1,11,27,32,34,15,12,8,32,20,21,20,12,0,0,1,X
Case Osasuna,1,0,Zaragoza,23,8,1,16,23,23,28,16,7,10,29,35,35,23,6,0,0,1,1
Case Racing,0,2,At.Madrid,23,8,1,6,34,23,23,21,13,5,38,36,23,23,15,0,0,1,2
Case R.Madrid,7,0,Valladolid,23,8,1,1,53,46,18,30,23,12,27,30,34,17,10,0,0,1,1
Case Valencia,3,1,Betis,23,8,1,9,30,24,33,10,20,14,25,23,31,15,10,0,0,1,1
Case Betis,2,1,R.Madrid,24,8,1,16,25,24,34,15,10,1,56,53,18,33,23,0,0,1,1
Case Espanyol,2,4,Sevilla,24,8,1,5,39,33,26,20,19,7,33,42,31,25,8,0,0,1,2
Case Zaragoza,1,2,Barcelona,24,8,1,10,29,35,36,23,6,2,48,42,15,33,15,0,0,1,2
Case At.Madrid,1,2,Athletic,24,8,1,4,41,38,23,23,18,15,26,20,23,16,10,0,0,1,2
Case Getafe,0,0,Valencia,24,8,1,12,28,28,32,17,11,9,33,27,34,13,20,0,0,1,X
Case Recreativo,3,2,Deportivo,24,8,1,17,25,20,31,13,12,18,24,24,34,9,15,0,0,1,1
Case Levante,2,1,Osasuna,24,8,1,20,13,17,41,9,4,14,26,24,28,19,7,0,0,1,1
Case Almería,1,0,Murcia,24,8,1,8,33,20,21,20,13,19,23,20,32,15,8,0,0,1,1
Case Valladolid,1,1,Mallorca,24,8,1,13,27,30,41,17,10,11,28,32,34,16,12,0,0,1,X
Case Villarreal,0,0,Racing,24,8,1,3,42,41,34,24,18,6,34,23,25,21,13,0,0,1,X
Case Sevilla,5,0,Zaragoza,25,8,1,6,36,46,33,25,11,10,29,36,38,23,6,0,0,1,1
Case Valencia,1,1,Recreativo,25,8,1,9,34,27,34,13,21,15,28,23,33,16,12,0,0,1,X
Case Athletic,1,2,Villarreal,25,8,1,12,29,22,24,16,13,3,43,41,34,25,18,0,0,1,2
Case Barcelona,5,1,Levante,25,8,1,2,51,44,16,33,18,20,16,19,42,12,4,0,0,1,1
Case Deportivo,2,0,Espanyol,25,8,1,18,24,26,37,9,15,5,39,35,30,20,19,0,0,1,1
Case Mallorca,1,1,Betis,25,8,1,11,29,33,35,16,13,14,28,26,35,18,10,0,0,1,X
Case Murcia,0,1,Valladolid,25,8,1,19,23,20,33,15,8,16,28,31,42,18,10,0,0,1,2
Case Osasuna,3,1,At.Madrid,25,8,1,17,26,25,30,19,7,4,41,39,25,23,18,0,0,1,1
Case Racing,1,0,Almería,25,8,1,8,35,23,25,21,14,7,36,21,21,23,13,0,0,1,1
Case R.Madrid,0,1,Getafe,25,8,1,1,56,54,20,33,23,13,29,28,32,18,11,0,0,1,2
Case At.Madrid,4,2,Barcelona,26,8,1,4,41,40,28,23,18,2,54,49,17,36,18,0,0,1,1
Case Deportivo,2,1,Sevilla,26,8,1,18,27,28,37,12,15,5,39,51,33,28,11,0,0,1,1
Case Espanyol,2,0,Valencia,26,8,1,6,39,35,32,20,19,9,35,28,35,14,21,0,0,1,1
Case Recreativo,2,3,R.Madrid,26,8,1,17,29,24,34,16,13,1,56,54,21,33,23,0,0,1,2
Case Betis,4,0,Murcia,26,8,1,16,29,27,36,18,11,19,23,20,34,15,8,0,0,1,1
Case Getafe,3,3,Mallorca,26,8,1,10,32,29,32,18,14,12,30,34,36,17,13,0,0,1,X
Case Levante,2,1,Zaragoza,26,8,1,20,16,20,47,12,4,15,29,36,43,23,6,0,0,1,1
Case Almería,1,1,Athletic,26,8,1,8,36,21,22,23,13,14,29,23,26,16,13,0,0,1,X
Case Valladolid,0,1,Racing,26,8,1,11,31,32,42,18,13,7,38,24,25,24,14,0,0,1,2
Case Villarreal,0,0,Osasuna,26,8,1,3,46,43,35,25,21,13,29,28,31,22,7,0,0,1,X
Case R.Madrid,2,1,Espanyol,27,8,1,1,59,57,23,33,26,5,42,37,32,23,19,0,0,1,1
Case Zaragoza,2,1,At.Madrid,27,8,1,17,29,37,45,23,6,4,44,44,30,26,18,0,0,1,1
Case Athletic,2,0,Valladolid,27,8,1,15,30,24,27,16,14,13,31,32,43,18,13,0,0,1,1
Case Barcelona,1,2,Villarreal,27,8,1,2,54,51,21,36,18,3,47,43,35,26,21,0,0,1,2
Case Mallorca,7,1,Recreativo,27,8,1,12,31,37,39,17,14,18,29,26,37,16,13,0,0,1,1
Case Murcia,0,3,Getafe,27,8,1,19,23,20,38,15,8,10,33,32,35,19,14,0,0,1,2
Case Osasuna,2,1,Almería,27,8,1,14,30,28,31,22,8,8,37,22,23,24,13,0,0,1,1
Case Racing,3,0,Betis,27,8,1,6,41,25,25,24,17,11,32,31,36,21,11,0,0,1,1
Case Sevilla,2,1,Levante,27,8,1,7,39,52,35,28,11,20,19,22,48,15,4,0,0,1,1
Case Valencia,2,2,Deportivo,27,8,1,9,35,28,37,14,21,16,30,30,38,15,15,0,0,1,X
Case Betis,1,2,Athletic,28,8,1,15,32,31,39,21,11,13,33,26,27,19,14,0,0,1,2
Case Deportivo,1,0,R.Madrid,28,8,1,16,31,32,40,15,16,1,62,59,24,36,26,0,0,1,1
Case Recreativo,4,2,Murcia,28,8,1,18,29,27,44,16,13,19,23,20,41,15,8,0,0,1,1
Case Valencia,1,2,Sevilla,28,8,1,9,36,30,39,15,21,6,42,54,36,31,11,0,0,1,2
Case At.Madrid,3,0,Levante,28,8,1,4,44,45,32,26,18,20,19,23,50,15,4,0,0,1,1
Case Espanyol,2,1,Mallorca,28,8,1,7,42,38,34,23,19,11,34,44,40,20,14,0,0,1,1
Case Getafe,2,1,Racing,28,8,1,10,36,35,35,19,17,5,44,28,25,27,17,0,0,1,1
Case Almería,2,2,Barcelona,28,8,1,8,37,23,25,24,13,2,54,52,23,36,18,0,0,1,X
Case Valladolid,0,0,Osasuna,28,8,1,17,31,32,45,18,13,12,33,30,32,25,8,0,0,1,X
Case Villarreal,2,0,Zaragoza,28,8,1,3,50,45,36,26,24,14,32,39,46,26,6,0,0,1,1
Case Mallorca,1,0,Deportivo,29,8,1,12,34,45,42,20,14,14,34,33,40,18,16,0,0,1,1
Case Sevilla,1,2,At.Madrid,29,8,1,5,45,56,37,31,14,4,47,48,32,29,18,0,0,1,2
Case Athletic,1,0,Getafe,29,8,1,10,36,28,28,19,17,8,39,37,36,22,17,0,0,1,1
Case Barcelona,4,1,Valladolid,29,8,1,2,55,54,25,36,19,17,32,32,45,19,13,0,0,1,1
Case Levante,1,2,Villarreal,29,8,1,20,19,23,53,15,4,3,53,47,36,29,24,0,0,1,2
Case Murcia,4,0,Espanyol,29,8,1,19,23,22,45,15,8,6,45,40,35,26,19,0,0,1,1
Case Osasuna,0,1,Betis,29,8,1,13,34,30,32,25,9,15,32,32,41,21,11,0,0,1,2
Case Racing,2,0,Recreativo,29,8,1,7,44,29,27,27,17,18,32,31,46,19,13,0,0,1,1
Case R.Madrid,2,3,Valencia,29,8,1,1,62,59,25,36,26,11,36,31,41,15,21,0,0,1,2
Case Zaragoza,1,1,Almería,29,8,1,16,32,39,48,26,6,9,38,25,27,25,13,0,0,1,X
Case Betis,3,2,Barcelona,30,8,1,13,35,33,41,21,14,2,58,58,26,39,19,0,0,1,1
Case Villarreal,3,0,At.Madrid,30,8,1,3,56,49,37,29,27,4,50,50,33,29,21,0,0,1,1
Case Deportivo,3,1,Murcia,30,8,1,15,34,33,41,18,16,19,26,26,45,18,8,0,0,1,1
Case Espanyol,0,3,Racing,30,8,1,7,45,40,39,26,19,5,47,31,27,30,17,0,0,1,2
Case Getafe,0,2,Osasuna,30,8,1,9,39,37,37,22,17,14,34,30,33,25,9,0,0,1,2
Case Recreativo,1,1,Athletic,30,8,1,18,32,31,48,19,13,8,39,29,28,22,17,0,0,1,X
Case R.Madrid,3,1,Sevilla,30,8,1,1,62,61,28,36,26,6,45,57,39,31,14,0,0,1,1
Case Almería,2,1,Levante,30,8,1,10,39,26,28,25,14,20,19,24,55,15,4,0,0,1,1
Case Valencia,0,3,Mallorca,30,8,1,11,39,34,43,15,24,12,37,46,42,23,14,0,0,1,2
Case Valladolid,2,1,Zaragoza,30,8,1,17,32,33,49,19,13,16,33,40,49,27,6,0,0,1,1
Case Mallorca,1,1,R.Madrid,31,8,1,9,40,49,42,23,17,1,65,64,29,39,26,0,0,1,X
Case Osasuna,0,1,Recreativo,31,8,1,14,37,32,33,25,12,18,33,32,49,20,13,0,0,1,2
Case Athletic,1,0,Espanyol,31,8,1,10,40,30,29,22,18,7,45,40,42,26,19,0,0,1,1
Case At.Madrid,6,3,Almería,31,8,1,4,50,50,36,29,21,8,42,28,29,28,14,0,0,1,1
Case Barcelona,0,0,Getafe,31,8,1,3,58,60,29,39,19,12,39,37,39,22,17,0,0,1,X
Case Levante,0,3,Valladolid,31,8,1,20,19,25,57,15,4,16,35,35,50,22,13,0,0,1,2
Case Murcia,1,0,Valencia,31,8,1,19,26,27,48,18,8,11,39,34,46,15,24,0,0,1,1
Case Racing,1,3,Deportivo,31,8,1,5,50,34,27,30,20,15,37,36,42,21,16,0,0,1,2
Case Sevilla,2,0,Villarreal,31,8,1,6,45,58,42,31,14,2,59,52,37,32,27,0,0,1,1
Case Zaragoza,0,3,Betis,31,8,1,17,33,41,51,27,6,13,38,36,43,24,14,0,0,1,2
Case Recreativo,2,2,Barcelona,32,8,1,17,36,33,49,20,16,3,59,60,29,40,19,0,0,1,X
Case Valencia,1,2,Racing,32,8,1,14,39,34,47,15,24,5,50,35,30,30,20,0,0,1,2
Case Betis,0,1,Levante,32,8,1,10,41,39,43,24,17,20,19,25,60,15,4,0,0,1,2
Case Deportivo,3,0,Athletic,32,8,1,13,40,39,43,21,19,8,43,31,29,25,18,0,0,1,1
Case Espanyol,0,1,Osasuna,32,8,1,7,45,40,43,26,19,16,37,32,34,25,12,0,0,1,2
Case Getafe,0,0,Zaragoza,32,8,1,12,40,37,39,22,18,18,33,41,54,27,6,0,0,1,X
Case Mallorca,2,3,Sevilla,32,8,1,11,41,50,43,24,17,6,48,60,42,34,14,0,0,1,2
Case R.Madrid,1,0,Murcia,32,8,1,1,66,65,30,39,27,19,29,28,48,21,8,0,0,1,1
Case Almería,1,0,Villarreal,32,8,1,9,42,31,35,28,14,2,59,52,39,32,27,0,0,1,1
Case Valladolid,1,1,At.Madrid,32,8,1,15,38,38,50,22,16,4,53,56,39,32,21,0,0,1,X
Case At.Madrid,1,3,Betis,33,8,1,4,54,57,40,32,22,13,41,39,44,24,17,0,0,1,2
Case Barcelona,0,0,Espanyol,33,8,1,2,60,62,31,40,20,8,45,40,44,26,19,0,0,1,X
Case Sevilla,1,4,Almería,33,8,1,6,51,63,44,34,17,7,45,32,35,31,14,0,0,1,2
Case Zaragoza,3,0,Recreativo,33,8,1,18,34,41,54,27,7,17,37,35,51,21,16,0,0,1,1
Case Athletic,5,1,Valencia,33,8,1,9,43,31,32,25,18,15,39,35,49,15,24,0,0,1,1
Case Levante,3,1,Getafe,33,8,1,20,22,26,60,15,7,12,41,37,39,23,18,0,0,1,1
Case Murcia,1,4,Mallorca,33,8,1,19,29,28,49,21,8,11,41,52,46,24,17,0,0,1,2
Case Osasuna,0,1,Deportivo,33,8,1,14,40,33,34,25,15,10,43,42,43,24,19,0,0,1,2
Case Racing,0,2,R.Madrid,33,8,1,5,53,37,31,30,23,1,69,66,30,42,27,0,0,1,2
Case Villarreal,2,0,Valladolid,33,8,1,3,59,52,40,32,27,16,39,39,51,23,16,0,0,1,1
Case Deportivo,2,0,Barcelona,34,8,1,8,46,43,43,24,22,3,61,62,31,41,20,0,0,1,1
Case Murcia,0,0,Sevilla,34,8,1,19,29,29,53,21,8,6,51,64,48,34,17,0,0,1,X
Case Betis,0,1,Villarreal,34,8,1,11,44,42,45,24,20,2,62,54,40,35,27,0,0,1,2
Case Espanyol,1,1,Zaragoza,34,8,1,10,46,40,44,26,20,17,37,44,54,30,7,0,0,1,X
Case Getafe,1,1,At.Madrid,34,8,1,13,41,38,42,23,18,4,54,58,43,32,22,0,0,1,X
Case Recreativo,2,0,Levante,34,8,1,18,37,35,54,21,16,20,25,29,61,18,7,0,0,1,1
Case Mallorca,3,1,Racing,34,8,1,12,44,56,47,24,20,5,53,37,33,30,23,0,0,1,1
Case R.Madrid,3,0,Athletic,34,8,1,1,72,68,30,42,30,9,46,36,33,28,18,0,0,1,1
Case Valencia,3,0,Osasuna,34,8,1,15,39,36,54,15,24,14,40,33,35,25,15,0,0,1,1
Case Valladolid,1,0,Almería,34,8,1,16,39,39,53,23,16,7,48,36,36,31,17,0,0,1,1
Case At.Madrid,3,0,Recreativo,35,8,1,4,55,59,44,32,23,16,40,37,54,24,16,0,0,1,1
Case Zaragoza,1,0,Deportivo,35,8,1,18,38,45,55,30,8,7,49,45,43,27,22,0,0,1,1
Case Athletic,1,2,Mallorca,35,8,1,11,46,36,36,28,18,10,47,59,48,27,20,0,0,1,2
Case Barcelona,6,0,Valencia,35,8,1,3,61,62,33,41,20,15,42,39,54,18,24,0,0,1,1
Case Levante,1,1,Espanyol,35,8,1,20,25,29,63,18,7,9,47,41,45,27,20,0,0,1,X
Case Osasuna,1,2,R.Madrid,35,8,1,17,40,33,38,25,15,1,75,71,30,45,30,0,0,1,2
Case Racing,3,2,Murcia,35,8,1,5,53,38,36,30,23,19,30,29,53,22,8,0,0,1,1
Case Sevilla,2,0,Valladolid,35,8,1,6,52,64,48,34,18,14,42,40,53,26,16,0,0,1,1
Case Almería,1,1,Betis,35,8,1,8,48,36,37,31,17,12,44,42,46,24,20,0,0,1,X
Case Villarreal,2,0,Getafe,35,8,1,2,65,55,40,35,30,13,42,39,43,24,18,0,0,1,1
Case Betis,1,1,Valladolid,36,8,1,12,45,43,47,24,21,14,42,40,55,26,16,0,0,1,X
Case Deportivo,1,0,Levante,36,8,1,9,49,45,44,27,22,20,26,30,64,19,7,0,0,1,1
Case Getafe,4,2,Almería,36,8,1,13,42,39,45,24,18,8,49,37,38,32,17,0,0,1,1
Case Recreativo,0,2,Villarreal,36,8,1,17,40,37,57,24,16,2,68,57,40,38,30,0,0,1,2
Case Mallorca,2,1,Osasuna,36,8,1,7,50,61,49,27,23,18,40,34,40,25,15,0,0,1,1
Case Murcia,1,2,Athletic,36,8,1,19,30,31,56,22,8,11,46,37,38,28,18,0,0,1,2
Case Racing,0,3,Sevilla,36,8,1,5,56,41,38,33,23,6,55,66,48,37,18,0,0,1,2
Case R.Madrid,4,1,Barcelona,36,8,1,1,78,73,31,45,33,3,64,68,33,44,20,0,0,1,1
Case Valencia,1,0,Zaragoza,36,8,1,15,42,39,60,18,24,16,41,46,55,33,8,0,0,1,1
Case Espanyol,0,2,At.Madrid,36,8,1,10,48,42,46,27,21,4,58,62,44,35,23,0,0,1,2
Case Athletic,0,0,Racing,37,8,1,9,49,39,39,28,21,6,56,41,41,33,23,0,0,1,X
Case At.Madrid,1,0,Deportivo,37,8,1,4,61,64,44,35,26,8,52,46,44,30,22,0,0,1,1
Case Barcelona,2,3,Mallorca,37,8,1,3,64,69,37,44,20,7,53,63,50,30,23,0,0,1,2
Case Betis,0,2,Sevilla,37,8,1,12,46,44,48,25,21,5,58,69,48,37,21,0,0,1,2
Case Levante,1,5,Valencia,37,8,1,20,26,30,65,19,7,13,45,40,60,21,24,0,0,1,2
Case Osasuna,2,1,Murcia,37,8,1,18,40,35,42,25,15,19,30,32,58,22,8,0,0,1,1
Case Almería,0,2,Recreativo,37,8,1,10,49,39,42,32,17,17,40,37,59,24,16,0,0,1,2
Case Valladolid,0,0,Getafe,37,8,1,15,43,41,56,26,17,14,45,43,47,27,18,0,0,1,X
Case Villarreal,2,0,Espanyol,37,8,1,2,71,59,40,38,33,11,48,42,48,27,21,0,0,1,1
Case Zaragoza,2,2,R.Madrid,37,8,1,16,41,46,56,33,8,1,81,77,32,48,33,0,0,1,X
Case Murcia,3,5,Barcelona,38,8,1,19,30,33,60,22,8,3,64,71,40,44,20,0,0,1,2
Case Deportivo,0,2,Villarreal,38,8,1,8,52,46,45,30,22,2,74,61,40,41,33,0,0,1,2
Case Espanyol,1,3,Almería,38,8,1,11,48,42,50,27,21,10,49,39,44,32,17,0,0,1,2
Case Getafe,1,1,Betis,38,8,1,13,46,43,47,27,19,14,46,44,50,25,21,0,0,1,X
Case Recreativo,1,1,Valladolid,38,8,1,16,43,39,59,24,19,15,44,41,56,27,17,0,0,1,X
Case Mallorca,3,2,Zaragoza,38,8,1,7,56,66,52,30,26,18,42,48,58,34,8,0,0,1,1
Case Racing,1,0,Osasuna,38,8,1,6,57,41,41,33,24,17,43,37,43,28,15,0,0,1,1
Case R.Madrid,5,2,Levante,38,8,1,1,82,79,34,48,34,20,26,31,70,19,7,0,0,1,1
Case Sevilla,4,1,Athletic,38,8,1,5,61,71,48,37,24,9,50,39,39,29,21,0,0,1,1
Case Valencia,3,1,At.Madrid,38,8,1,12,48,45,61,21,27,4,64,65,44,38,26,0,0,1,1
Case R.Madrid,3,2,Deportivo,1,10,1,0,0,0,0,0,0,0,0,0,0,0,0,0,0,1,1
Case Barcelona,3,0,Sporting,1,10,1,0,0,0,0,0,0,0,0,0,0,0,0,0,0,1,1
Case Málaga,3,0,At.Madrid,1,10,1,0,0,0,0,0,0,0,0,0,0,0,0,0,0,1,1
Case Valencia,2,0,Sevilla,1,10,1,0,0,0,0,0,0,0,0,0,0,0,0,0,0,1,1
Case Mallorca,2,0,Xerez,1,10,1,0,0,0,0,0,0,0,0,0,0,0,0,0,0,1,1
Case Almería,0,0,Valladolid,1,10,1,0,0,0,0,0,0,0,0,0,0,0,0,0,0,1,X
Case Racing,1,4,Getafe,1,10,1,0,0,0,0,0,0,0,0,0,0,0,0,0,0,1,2
Case Osasuna,1,1,Villarreal,1,10,1,0,0,0,0,0,0,0,0,0,0,0,0,0,0,1,X
Case Zaragoza,1,0,Tenerife,1,10,1,0,0,0,0,0,0,0,0,0,0,0,0,0,0,1,1
Case Athletic,1,0,Espanyol,1,10,1,0,0,0,0,0,0,0,0,0,0,0,0,0,0,1,1
Case Xerez,0,1,Athletic,2,10,1,16,0,0,2,0,0,8,3,1,0,3,0,0,0,1,2
Case Deportivo,1,0,Málaga,2,10,1,13,0,2,3,0,0,3,3,3,0,3,0,0,0,1,1
Case Espanyol,0,3,R.Madrid,2,10,1,14,0,0,1,0,0,6,3,3,2,3,0,0,0,1,2
Case Villarreal,1,1,Mallorca,2,10,1,10,1,1,1,0,1,4,3,2,0,3,0,0,0,1,X
Case Tenerife,2,1,Osasuna,2,10,1,15,0,0,1,0,0,9,1,1,1,1,0,0,0,1,1
Case Sevilla,4,1,Zaragoza,2,10,1,17,0,0,2,0,0,7,3,1,0,3,0,0,0,1,1
Case Valladolid,2,4,Valencia,2,10,1,12,1,0,0,0,1,5,3,2,0,3,0,0,0,1,2
Case Sporting,1,0,Almería,2,10,1,19,0,0,3,0,0,11,1,0,0,1,0,0,0,1,1
Case Getafe,0,2,Barcelona,2,10,1,1,3,4,1,0,3,2,3,3,0,3,0,0,0,1,2
Case At.Madrid,1,1,Racing,2,10,1,20,1,1,1,1,0,18,0,1,4,0,0,0,0,1,X
Case Deportivo,2,3,Espanyol,3,10,1,9,3,3,3,3,0,20,0,0,4,0,0,0,0,1,2
Case R.Madrid,5,0,Xerez,3,10,1,3,6,6,2,3,3,19,0,0,3,0,0,0,0,1,1
Case Athletic,3,2,Villarreal,3,10,1,4,6,2,0,3,3,13,2,2,2,1,1,0,0,1,1
Case Mallorca,4,0,Tenerife,3,10,1,5,4,3,1,3,1,10,3,2,2,3,0,0,0,1,1
Case Osasuna,0,2,Sevilla,3,10,1,14,1,2,3,1,0,7,3,4,3,3,0,0,0,1,2
Case Zaragoza,1,2,Valladolid,3,10,1,11,3,2,4,3,0,16,1,2,4,0,1,0,0,1,2
Case Valencia,2,2,Sporting,3,10,1,2,6,6,2,3,3,12,3,1,3,3,0,0,0,1,X
Case Almería,1,0,Getafe,3,10,1,15,1,0,1,1,0,8,3,4,3,0,3,0,0,1,1
Case Barcelona,5,2,At.Madrid,3,10,1,1,6,5,0,3,3,18,1,2,3,1,0,0,0,1,1
Case Málaga,1,2,Racing,3,10,1,6,3,3,1,3,0,17,1,2,5,0,1,0,0,1,2
Case Espanyol,2,1,Málaga,4,10,1,14,3,3,6,0,3,11,3,4,3,3,0,0,0,1,1
Case Xerez,0,3,Deportivo,4,10,1,20,0,0,8,0,0,13,3,5,6,3,0,0,0,1,2
Case Villarreal,0,2,R.Madrid,4,10,1,17,2,4,5,1,1,1,9,11,2,6,3,0,0,1,2
Case Tenerife,1,0,Athletic,4,10,1,16,3,2,6,3,0,3,9,5,2,6,3,0,0,1,1
Case Sevilla,2,0,Mallorca,4,10,1,6,6,6,3,3,3,4,7,7,1,6,1,0,0,1,1
Case Valladolid,1,2,Osasuna,4,10,1,8,4,4,5,0,4,18,1,2,5,1,0,0,0,1,2
Case Sporting,1,1,Zaragoza,4,10,1,10,4,3,5,3,1,15,3,3,6,3,0,0,0,1,X
Case Getafe,3,1,Valencia,4,10,1,12,3,4,4,0,3,5,7,8,4,4,3,0,0,1,1
Case At.Madrid,2,2,Almería,4,10,1,19,1,2,5,1,0,7,4,1,1,4,0,0,0,1,X
Case Racing,1,4,Barcelona,4,10,1,9,4,4,6,0,4,2,9,10,2,6,3,0,0,1,2
Case Espanyol,0,0,Xerez,5,10,1,9,6,5,7,3,3,20,0,0,11,0,0,0,0,1,X
Case Deportivo,1,0,Villarreal,5,10,1,7,6,8,6,3,3,18,2,4,7,1,1,0,0,1,1
Case R.Madrid,3,0,Tenerife,5,10,1,2,12,13,2,6,6,10,6,3,6,6,0,0,0,1,1
Case Athletic,0,4,Sevilla,5,10,1,4,9,5,3,6,3,3,9,8,3,6,3,0,0,1,2
Case Mallorca,3,0,Valladolid,5,10,1,5,7,7,3,6,1,13,4,5,7,0,4,0,0,1,1
Case Osasuna,1,0,Sporting,5,10,1,14,4,4,6,1,3,12,5,4,6,4,1,0,0,1,1
Case Zaragoza,3,0,Getafe,5,10,1,15,4,4,7,3,1,8,6,7,5,3,3,0,0,1,1
Case Valencia,2,2,At.Madrid,5,10,1,6,7,9,7,4,3,19,4,4,6,1,3,0,0,1,X
Case Almería,2,2,Racing,5,10,1,11,5,3,3,4,1,16,4,5,10,0,4,0,0,1,X
Case Málaga,0,2,Barcelona,5,10,1,17,3,5,5,3,0,1,12,14,3,6,6,0,0,1,2
Case Xerez,1,1,Málaga,6,10,1,20,1,0,11,0,1,17,3,5,7,3,0,0,0,1,X
Case Villarreal,0,0,Espanyol,6,10,1,19,2,4,8,1,1,10,7,5,7,4,3,0,0,1,X
Case Tenerife,0,1,Deportivo,6,10,1,13,6,3,9,6,0,5,9,9,6,6,3,0,0,1,2
Case Sevilla,2,1,R.Madrid,6,10,1,3,12,12,3,6,6,1,15,16,2,9,6,0,0,1,1
Case Valladolid,2,2,Athletic,6,10,1,16,4,5,10,0,4,6,9,5,7,6,3,0,0,1,X
Case Sporting,4,1,Mallorca,6,10,1,14,5,4,7,4,1,4,10,10,3,9,1,0,0,1,1
Case Getafe,2,1,Osasuna,6,10,1,12,6,7,8,3,3,9,7,5,6,4,3,0,0,1,1
Case At.Madrid,2,1,Zaragoza,6,10,1,18,7,5,6,4,3,8,7,7,7,6,1,0,0,1,1
Case Racing,0,1,Valencia,6,10,1,15,5,7,12,0,5,7,8,11,9,5,3,0,0,1,2
Case Barcelona,1,0,Almería,6,10,1,2,15,16,3,6,9,11,6,5,5,5,1,0,0,1,1
Case Xerez,2,1,Villarreal,7,10,1,20,2,1,12,1,1,19,3,4,8,2,1,0,0,1,1
Case Espanyol,2,1,Tenerife,7,10,1,10,8,5,7,4,4,15,6,3,10,6,0,0,0,1,1
Case Deportivo,1,0,Sevilla,7,10,1,4,12,10,6,6,6,3,15,14,4,9,6,0,0,1,1
Case R.Madrid,4,2,Valladolid,7,10,1,2,15,17,4,9,6,16,5,7,12,1,4,0,0,1,1
Case Athletic,1,2,Sporting,7,10,1,7,10,7,9,6,4,9,8,8,8,7,1,0,0,1,2
Case Mallorca,3,1,Getafe,7,10,1,6,10,11,7,9,1,8,9,9,9,6,3,0,0,1,1
Case Osasuna,3,0,At.Madrid,7,10,1,12,7,6,8,4,3,14,7,6,8,4,3,0,0,1,1
Case Zaragoza,2,2,Racing,7,10,1,11,7,8,9,6,1,17,5,7,13,0,5,0,0,1,X
Case Valencia,0,0,Barcelona,7,10,1,5,11,12,9,5,6,1,18,17,3,9,9,0,0,1,X
Case Málaga,1,2,Almería,7,10,1,18,4,6,8,3,1,13,6,5,6,5,1,0,0,1,2
Case Sevilla,0,0,Espanyol,8,10,1,3,15,14,5,9,6,8,11,7,8,7,4,0,0,1,X
Case Valladolid,4,0,Deportivo,8,10,1,17,5,9,16,1,4,4,15,11,6,9,6,0,0,1,1
Case Sporting,0,0,R.Madrid,8,10,1,7,11,10,9,7,4,2,18,21,6,12,6,0,0,1,X
Case Getafe,2,0,Athletic,8,10,1,12,9,10,12,6,3,10,10,8,11,6,4,0,0,1,1
Case At.Madrid,1,1,Mallorca,8,10,1,15,10,9,8,7,3,5,13,14,8,12,1,0,0,1,X
Case Racing,1,1,Osasuna,8,10,1,14,6,9,15,0,6,9,10,9,8,7,3,0,0,1,X
Case Barcelona,6,1,Zaragoza,8,10,1,1,19,17,3,9,10,13,8,10,11,7,1,0,0,1,1
Case Almería,0,3,Valencia,8,10,1,11,9,7,7,5,4,6,12,12,9,6,6,0,0,1,2
Case Tenerife,1,0,Xerez,8,10,1,16,6,4,12,6,0,18,5,3,13,4,1,0,0,1,1
Case Villarreal,2,1,Málaga,8,10,1,20,3,5,10,2,1,19,4,7,10,3,1,0,0,1,1
Case Zaragoza,2,1,Almería,9,10,1,15,8,11,17,7,1,12,9,7,10,5,4,0,0,1,1
Case Málaga,0,1,Valencia,9,10,1,20,4,8,12,3,1,4,15,15,9,6,9,0,0,1,2
Case Villarreal,5,0,Tenerife,9,10,1,18,6,7,11,5,1,13,9,5,12,9,0,0,0,1,1
Case Xerez,0,2,Sevilla,9,10,1,19,5,3,14,4,1,3,16,14,5,10,6,0,0,1,2
Case Espanyol,1,1,Valladolid,9,10,1,9,12,7,8,7,5,14,8,13,16,4,4,0,0,1,X
Case Deportivo,1,1,Sporting,9,10,1,5,15,11,10,9,6,7,12,10,9,8,4,0,0,1,X
Case R.Madrid,2,0,Getafe,9,10,1,2,19,21,6,12,7,8,12,12,12,9,3,0,0,1,1
Case Athletic,1,0,At.Madrid,9,10,1,11,10,8,13,6,4,17,11,10,9,7,4,0,0,1,1
Case Mallorca,1,0,Racing,9,10,1,6,14,15,9,12,2,16,7,10,16,1,6,0,0,1,1
Case Osasuna,1,1,Barcelona,9,10,1,10,11,10,9,7,4,1,22,23,4,12,10,0,0,1,X
Case Barcelona,4,2,Mallorca,10,10,1,1,23,24,5,12,11,5,17,16,9,15,2,0,0,1,1
Case Almería,2,0,Osasuna,10,10,1,15,9,8,12,5,4,10,12,11,10,8,4,0,0,1,1
Case Valencia,3,1,Zaragoza,10,10,1,4,18,16,9,6,12,12,11,13,18,10,1,0,0,1,1
Case Tenerife,2,2,Málaga,10,10,1,16,9,5,17,9,0,20,4,8,13,3,1,0,0,1,X
Case Sevilla,3,2,Villarreal,10,10,1,3,19,16,5,10,9,13,9,12,11,8,1,0,0,1,1
Case Valladolid,0,0,Xerez,10,10,1,14,9,14,17,4,5,19,5,3,16,4,1,0,0,1,X
Case Sporting,1,0,Espanyol,10,10,1,7,13,11,10,8,5,8,13,8,9,8,5,0,0,1,1
Case Getafe,0,2,Deportivo,10,10,1,11,12,12,14,9,3,6,16,12,11,10,6,0,0,1,2
Case At.Madrid,2,3,R.Madrid,10,10,1,18,12,11,10,8,4,2,22,23,6,15,7,0,0,1,2
Case Racing,0,2,Athletic,10,10,1,17,7,10,17,1,6,9,13,9,13,9,4,0,0,1,2
Case Tenerife,1,2,Sevilla,11,10,1,15,10,7,19,10,0,3,22,19,7,13,9,0,0,1,2
Case Villarreal,3,1,Valladolid,11,10,1,16,9,14,14,8,1,14,10,14,17,5,5,0,0,1,1
Case Xerez,0,0,Sporting,11,10,1,19,6,3,16,4,2,7,16,12,10,11,5,0,0,1,X
Case Espanyol,0,2,Getafe,11,10,1,9,13,8,10,8,5,12,12,12,16,9,3,0,0,1,2
Case Deportivo,2,1,At.Madrid,11,10,1,5,19,14,11,10,9,18,12,11,12,8,4,0,0,1,1
Case R.Madrid,1,0,Racing,11,10,1,2,25,26,8,15,10,17,7,10,19,1,6,0,0,1,1
Case Athletic,1,1,Barcelona,11,10,1,8,16,11,13,9,7,1,26,28,7,15,11,0,0,1,X
Case Mallorca,3,1,Almería,11,10,1,6,17,18,13,15,2,11,12,10,12,8,4,0,0,1,1
Case Osasuna,1,3,Valencia,11,10,1,10,12,11,12,8,4,4,21,19,10,9,12,0,0,1,2
Case Málaga,1,1,Zaragoza,11,10,1,20,5,10,15,3,2,13,11,14,21,10,1,0,0,1,X
Case Sevilla,2,2,Málaga,12,10,1,3,25,21,8,13,12,20,6,11,16,4,2,0,0,1,X
Case Valladolid,3,3,Tenerife,12,10,1,15,10,15,20,5,5,16,10,8,21,10,0,0,0,1,X
Case Sporting,1,0,Villarreal,12,10,1,7,17,12,10,11,6,11,12,17,15,11,1,0,0,1,1
Case Getafe,5,1,Xerez,12,10,1,9,15,14,16,9,6,19,7,3,16,5,2,0,0,1,1
Case At.Madrid,4,0,Espanyol,12,10,1,18,12,12,15,8,4,10,13,8,12,8,5,0,0,1,1
Case Racing,0,1,Deportivo,12,10,1,17,7,10,20,1,6,5,22,16,12,13,9,0,0,1,2
Case Barcelona,1,0,R.Madrid,12,10,1,2,27,29,8,15,12,1,28,27,8,18,10,0,0,1,1
Case Almería,1,4,Athletic,12,10,1,13,12,11,15,8,4,8,17,12,14,10,7,0,0,1,2
Case Valencia,1,1,Mallorca,12,10,1,4,24,22,11,9,15,6,20,21,14,18,2,0,0,1,X
Case Zaragoza,0,1,Osasuna,12,10,1,14,12,15,22,10,2,12,12,12,15,8,4,0,0,1,2
Case Sevilla,1,1,Valladolid,13,10,1,3,26,23,10,14,12,15,11,18,23,6,5,0,0,1,X
Case Tenerife,2,1,Sporting,13,10,1,16,11,11,24,10,1,7,20,13,10,14,6,0,0,1,1
Case Villarreal,3,2,Getafe,13,10,1,12,12,17,16,11,1,9,18,19,17,12,6,0,0,1,1
Case Xerez,0,2,At.Madrid,13,10,1,20,7,4,21,5,2,17,15,13,15,8,7,0,0,1,2
Case Espanyol,0,4,Racing,13,10,1,11,13,8,16,8,5,19,7,10,21,1,6,0,0,1,2
Case Deportivo,1,3,Barcelona,13,10,1,5,25,17,12,13,12,1,30,30,8,18,12,0,0,1,2
Case R.Madrid,4,2,Almería,13,10,1,2,28,27,9,18,10,13,12,12,19,8,4,0,0,1,1
Case Athletic,1,2,Valencia,13,10,1,8,20,16,15,10,10,4,25,23,12,10,15,0,0,1,2
Case Mallorca,4,1,Zaragoza,13,10,1,6,21,22,15,18,3,14,12,15,23,10,2,0,0,1,1
Case Málaga,1,1,Osasuna,13,10,1,18,7,13,18,4,3,10,15,13,15,8,7,0,0,1,X
Case Valladolid,1,1,Málaga,14,10,1,15,12,19,24,6,6,19,8,14,19,5,3,0,0,1,X
Case Sporting,0,1,Sevilla,14,10,1,7,20,14,12,14,6,4,27,24,11,15,12,0,0,1,2
Case Getafe,2,1,Tenerife,14,10,1,9,18,21,20,12,6,12,14,13,25,13,1,0,0,1,1
Case At.Madrid,1,2,Villarreal,14,10,1,13,16,14,16,8,8,11,15,20,18,14,1,0,0,1,2
Case Racing,3,2,Xerez,14,10,1,18,10,14,21,1,9,20,7,4,25,5,2,0,0,1,1
Case Barcelona,1,0,Espanyol,14,10,1,1,36,35,9,18,18,14,13,8,20,8,5,0,0,1,1
Case Almería,1,1,Deportivo,14,10,1,16,12,14,23,8,4,5,25,18,15,13,12,0,0,1,X
Case Valencia,2,3,R.Madrid,14,10,1,3,28,25,13,10,18,2,31,31,11,21,10,0,0,1,2
Case Zaragoza,1,2,Athletic,14,10,1,17,12,16,27,10,2,8,20,17,17,10,10,0,0,1,2
Case Osasuna,0,1,Mallorca,14,10,1,10,16,14,16,8,8,6,24,26,16,21,3,0,0,1,2
Case Valladolid,2,1,Sporting,15,10,1,13,13,20,25,7,6,9,20,14,13,14,6,0,0,1,1
Case Sevilla,1,2,Getafe,15,10,1,3,30,25,11,15,15,8,21,23,21,15,6,0,0,1,2
Case Tenerife,1,1,At.Madrid,15,10,1,12,14,14,27,13,1,14,16,14,17,8,8,0,0,1,X
Case Villarreal,2,0,Racing,15,10,1,10,18,22,19,14,4,15,13,17,23,4,9,0,0,1,1
Case Xerez,0,2,Barcelona,15,10,1,20,7,6,28,5,2,1,39,36,9,21,18,0,0,1,2
Case Espanyol,2,0,Almería,15,10,1,17,13,8,21,8,5,16,13,15,24,9,4,0,0,1,1
Case Deportivo,0,0,Valencia,15,10,1,6,26,19,16,13,13,4,28,27,16,10,18,0,0,1,X
Case R.Madrid,6,0,Zaragoza,15,10,1,2,34,34,13,21,13,18,12,17,29,10,2,0,0,1,1
Case Athletic,2,0,Osasuna,15,10,1,7,23,19,18,10,13,11,16,14,17,8,8,0,0,1,1
Case Málaga,2,1,Mallorca,15,10,1,19,9,15,20,5,4,5,27,27,16,21,6,0,0,1,1
Case Sporting,2,2,Málaga,16,10,1,10,20,15,15,14,6,18,12,17,21,8,4,0,0,1,X
Case Getafe,1,0,Valladolid,16,10,1,8,24,25,22,15,9,11,16,22,26,10,6,0,0,1,1
Case At.Madrid,2,1,Sevilla,16,10,1,15,16,14,19,8,8,3,30,26,13,15,15,0,0,1,1
Case Racing,2,0,Tenerife,16,10,1,16,13,17,25,4,9,14,15,15,28,14,1,0,0,1,1
Case Barcelona,1,1,Villarreal,16,10,1,1,39,36,9,21,18,9,21,24,19,17,4,0,0,1,X
Case Almería,1,0,Xerez,16,10,1,17,13,15,26,9,4,20,7,6,28,5,2,0,0,1,1
Case Valencia,1,0,Espanyol,16,10,1,4,29,27,16,10,19,13,16,10,21,11,5,0,0,1,1
Case Zaragoza,0,0,Deportivo,16,10,1,19,12,17,35,10,2,6,27,19,16,14,13,0,0,1,X
Case Osasuna,0,0,R.Madrid,16,10,1,12,16,14,19,8,8,2,37,40,13,24,13,0,0,1,X
Case Mallorca,2,0,Athletic,16,10,1,5,27,28,18,21,6,7,26,21,18,13,13,0,0,1,1
Case Sporting,1,0,Getafe,17,10,1,10,21,17,17,15,6,7,27,26,22,18,9,0,0,1,1
Case Valladolid,0,4,At.Madrid,17,10,1,13,16,22,27,10,6,11,17,23,28,12,5,0,0,1,2
Case Sevilla,1,2,Racing,17,10,1,5,30,27,15,15,15,14,16,19,25,7,9,0,0,1,2
Case Tenerife,0,5,Barcelona,17,10,1,17,15,15,30,14,1,1,40,37,10,22,18,0,0,1,2
Case Villarreal,1,1,Almería,17,10,1,9,22,25,20,17,5,15,16,16,26,12,4,0,0,1,X
Case Xerez,1,3,Valencia,17,10,1,20,7,6,29,5,2,3,32,28,16,13,19,0,0,1,2
Case Espanyol,2,1,Zaragoza,17,10,1,16,16,10,22,11,5,19,13,17,35,11,2,0,0,1,1
Case Deportivo,1,0,Osasuna,17,10,1,6,28,19,16,14,14,12,17,14,19,9,8,0,0,1,1
Case R.Madrid,2,0,Mallorca,17,10,1,2,38,40,13,24,14,4,30,30,18,24,6,0,0,1,1
Case Málaga,1,1,Athletic,17,10,1,18,13,19,23,8,5,8,26,21,20,13,13,0,0,1,X
Case Málaga,1,0,Getafe,18,10,1,18,14,20,24,9,5,7,27,26,23,18,9,0,0,1,1
Case At.Madrid,3,2,Sporting,18,10,1,11,20,27,28,12,8,9,24,18,17,18,6,0,0,1,1
Case Racing,1,1,Valladolid,18,10,1,12,19,21,26,7,12,16,16,22,31,10,6,0,0,1,X
Case Barcelona,4,0,Sevilla,18,10,1,1,43,42,10,22,21,5,30,28,17,15,15,0,0,1,1
Case Almería,1,1,Tenerife,18,10,1,15,17,17,27,12,5,17,15,15,35,14,1,0,0,1,X
Case Valencia,4,1,Villarreal,18,10,1,3,35,31,17,13,22,10,23,26,21,18,5,0,0,1,1
Case Zaragoza,0,0,Xerez,18,10,1,19,13,18,37,11,2,20,7,7,32,5,2,0,0,1,X
Case Osasuna,2,0,Espanyol,18,10,1,14,17,14,20,9,8,13,19,12,23,14,5,0,0,1,1
Case Mallorca,2,0,Deportivo,18,10,1,6,30,30,20,24,6,4,31,20,16,17,14,0,0,1,1
Case Athletic,1,0,R.Madrid,18,10,1,8,27,22,21,13,14,2,41,42,13,27,14,0,0,1,1
Case Getafe,1,0,At.Madrid,19,10,1,8,27,26,24,18,9,11,23,30,30,15,8,0,0,1,1
Case Sporting,0,1,Racing,19,10,1,9,24,20,20,18,6,13,20,22,27,8,12,0,0,1,2
Case Valladolid,0,3,Barcelona,19,10,1,17,17,23,32,10,7,1,46,46,10,25,21,0,0,1,2
Case Sevilla,1,0,Almería,19,10,1,6,30,28,21,15,15,15,18,18,28,13,5,0,0,1,1
Case Tenerife,0,0,Valencia,19,10,1,18,16,16,36,14,2,3,38,35,18,16,22,0,0,1,X
Case Villarreal,4,2,Zaragoza,19,10,1,10,23,27,25,18,5,19,14,18,37,12,2,0,0,1,1
Case Xerez,1,2,Osasuna,19,10,1,20,8,7,32,5,3,12,20,16,20,12,8,0,0,1,2
Case Espanyol,1,1,Mallorca,19,10,1,14,19,12,25,14,5,4,33,32,20,27,6,0,0,1,X
Case Deportivo,3,1,Athletic,19,10,1,5,31,20,18,17,14,7,30,23,21,16,14,0,0,1,1
Case R.Madrid,2,0,Málaga,19,10,1,2,41,42,14,27,14,16,17,21,24,12,5,0,0,1,1
Case Deportivo,1,3,R.Madrid,20,10,1,5,34,23,19,20,14,2,44,44,14,30,14,0,0,1,2
Case Sporting,0,1,Barcelona,20,10,1,10,24,20,21,18,6,1,49,49,10,25,24,0,0,1,2
Case At.Madrid,0,2,Málaga,20,10,1,11,23,30,31,15,8,16,17,21,26,12,5,0,0,1,2
Case Sevilla,2,1,Valencia,20,10,1,6,33,29,21,18,15,3,39,35,18,16,23,0,0,1,1
Case Xerez,2,1,Mallorca,20,10,1,20,8,8,34,5,3,4,34,33,21,27,7,0,0,1,1
Case Valladolid,1,1,Almería,20,10,1,17,17,23,35,10,7,15,18,18,29,13,5,0,0,1,X
Case Getafe,0,0,Racing,20,10,1,7,30,27,24,21,9,13,23,23,27,8,15,0,0,1,X
Case Villarreal,0,2,Osasuna,20,10,1,9,26,31,27,21,5,12,23,18,21,12,11,0,0,1,2
Case Tenerife,1,3,Zaragoza,20,10,1,18,17,16,36,15,2,19,14,20,41,12,2,0,0,1,2
Case Espanyol,1,0,Athletic,20,10,1,14,20,13,26,15,5,8,30,24,24,16,14,0,0,1,1
Case Athletic,3,2,Xerez,21,10,1,8,30,24,25,16,14,20,11,10,35,8,3,0,0,1,1
Case Málaga,0,0,Deportivo,21,10,1,15,20,23,26,12,8,6,34,24,22,20,14,0,0,1,X
Case R.Madrid,3,0,Espanyol,21,10,1,2,47,47,15,30,17,14,23,14,26,18,5,0,0,1,1
Case Mallorca,1,0,Villarreal,21,10,1,5,34,34,23,27,7,10,26,31,29,21,5,0,0,1,1
Case Osasuna,1,0,Tenerife,21,10,1,9,26,20,21,12,14,19,17,17,39,15,2,0,0,1,1
Case Zaragoza,2,1,Sevilla,21,10,1,18,17,23,42,12,5,4,36,31,22,21,15,0,0,1,1
Case Valencia,2,0,Valladolid,21,10,1,3,39,36,20,16,23,17,18,24,36,11,7,0,0,1,1
Case Almería,3,1,Sporting,21,10,1,16,19,19,30,13,6,11,24,20,22,18,6,0,0,1,1
Case Barcelona,2,1,Getafe,21,10,1,1,52,50,10,25,27,7,31,27,24,22,9,0,0,1,1
Case Racing,1,1,At.Madrid,21,10,1,12,24,23,27,8,16,13,26,20,21,12,14,0,0,1,X
Case Espanyol,2,0,Deportivo,22,10,1,14,23,14,29,18,5,6,35,24,22,20,15,0,0,1,1
Case Xerez,0,3,R.Madrid,22,10,1,20,11,12,38,8,3,2,50,50,15,33,17,0,0,1,2
Case Villarreal,2,1,Athletic,22,10,1,10,26,31,30,21,5,7,33,27,27,19,14,0,0,1,1
Case Tenerife,1,0,Mallorca,22,10,1,19,17,17,40,15,2,4,37,35,23,30,7,0,0,1,1
Case Sevilla,1,0,Osasuna,22,10,1,5,36,32,24,21,15,9,29,21,21,15,14,0,0,1,1
Case Valladolid,1,1,Zaragoza,22,10,1,18,18,24,38,11,7,17,20,25,43,15,5,0,0,1,X
Case Sporting,1,1,Valencia,22,10,1,13,24,21,25,18,6,3,42,38,20,19,23,0,0,1,X
Case Getafe,2,2,Almería,22,10,1,8,31,28,26,22,9,15,22,22,31,16,6,0,0,1,X
Case At.Madrid,2,1,Barcelona,22,10,1,12,29,21,21,15,14,1,55,52,11,28,27,0,0,1,1
Case Racing,0,3,Málaga,22,10,1,11,25,24,28,9,16,16,21,23,26,13,8,0,0,1,2
Case Málaga,2,1,Espanyol,23,10,1,15,24,26,26,13,11,12,26,16,29,21,5,0,0,1,1
Case Deportivo,2,1,Xerez,23,10,1,6,35,24,24,20,15,20,11,12,41,8,3,0,0,1,1
Case R.Madrid,6,2,Villarreal,23,10,1,2,53,53,15,33,20,10,29,33,31,24,5,0,0,1,1
Case Athletic,4,1,Tenerife,23,10,1,7,33,28,29,19,14,18,20,18,40,18,2,0,0,1,1
Case Mallorca,1,3,Sevilla,23,10,1,5,37,35,24,30,7,4,39,33,24,24,15,0,0,1,2
Case Osasuna,1,1,Valladolid,23,10,1,9,29,21,22,15,14,19,19,25,39,12,7,0,0,1,X
Case Zaragoza,1,3,Sporting,23,10,1,17,21,26,44,15,6,13,25,22,26,19,6,0,0,1,2
Case Valencia,2,1,Getafe,23,10,1,3,43,39,21,19,24,8,32,30,28,23,9,0,0,1,1
Case Almería,1,0,At.Madrid,23,10,1,16,23,24,33,16,7,11,29,21,22,15,14,0,0,1,1
Case Barcelona,4,0,Racing,23,10,1,1,55,53,13,28,27,14,25,24,31,9,16,0,0,1,1
Case Xerez,1,1,Espanyol,24,10,1,20,11,13,43,8,3,15,26,17,31,21,5,0,0,1,X
Case Villarreal,1,0,Deportivo,24,10,1,10,29,35,37,24,5,5,38,26,25,23,15,0,0,1,1
Case Tenerife,1,5,R.Madrid,24,10,1,19,20,19,44,18,2,2,56,59,17,36,20,0,0,1,2
Case Sevilla,0,0,Athletic,24,10,1,4,42,36,25,24,18,7,36,32,30,22,14,0,0,1,X
Case Valladolid,1,2,Mallorca,24,10,1,18,20,26,40,12,8,6,37,36,27,30,7,0,0,1,2
Case Sporting,3,2,Osasuna,24,10,1,11,28,25,27,19,9,9,30,22,23,16,14,0,0,1,1
Case Getafe,0,2,Zaragoza,24,10,1,8,32,31,30,23,9,17,21,27,47,15,6,0,0,1,2
Case At.Madrid,4,1,Valencia,24,10,1,13,30,22,23,16,14,3,46,41,22,22,24,0,0,1,1
Case Racing,0,2,Almería,24,10,1,16,25,24,35,9,16,14,26,25,33,19,7,0,0,1,2
Case Barcelona,2,1,Málaga,24,10,1,1,58,57,13,31,27,12,27,28,27,16,11,0,0,1,1
Case Málaga,2,4,Xerez,25,10,1,14,27,29,29,16,11,20,12,14,44,9,3,0,0,1,2
Case Espanyol,0,0,Villarreal,25,10,1,15,27,18,32,21,6,8,32,36,37,27,5,0,0,1,X
Case Deportivo,3,1,Tenerife,25,10,1,6,38,26,26,23,15,19,20,20,49,18,2,0,0,1,1
Case R.Madrid,3,2,Sevilla,25,10,1,2,59,64,18,36,23,4,43,36,25,25,18,0,0,1,1
Case Athletic,2,0,Valladolid,25,10,1,7,37,32,30,22,15,18,20,27,42,12,8,0,0,1,1
Case Mallorca,3,0,Sporting,25,10,1,5,40,38,28,30,10,10,31,28,29,22,9,0,0,1,1
Case Osasuna,0,0,Getafe,25,10,1,12,30,24,26,16,14,9,32,31,32,23,9,0,0,1,X
Case Zaragoza,1,1,At.Madrid,25,10,1,17,24,29,47,15,9,11,30,37,37,21,9,0,0,1,X
Case Valencia,0,0,Racing,25,10,1,3,46,42,26,22,24,16,25,24,37,9,16,0,0,1,X
Case Almería,2,2,Barcelona,25,10,1,13,29,27,33,19,10,1,61,59,14,34,27,0,0,1,X
Case Villarreal,2,0,Xerez,26,10,1,8,33,36,37,27,6,20,15,18,46,9,6,0,0,1,1
Case Tenerife,4,1,Espanyol,26,10,1,19,20,21,52,18,2,14,28,18,32,22,6,0,0,1,1
Case Sevilla,1,1,Deportivo,26,10,1,4,43,38,28,25,18,6,41,29,27,26,15,0,0,1,X
Case Valladolid,1,4,R.Madrid,26,10,1,18,20,27,44,12,8,1,62,67,20,39,23,0,0,1,2
Case Sporting,0,0,Athletic,26,10,1,12,31,28,32,22,9,7,40,34,30,25,15,0,0,1,X
Case Getafe,3,0,Mallorca,26,10,1,9,33,31,32,23,10,5,43,41,28,33,10,0,0,1,1
Case At.Madrid,1,0,Osasuna,26,10,1,10,31,38,38,21,10,11,31,24,26,17,14,0,0,1,1
Case Racing,0,0,Zaragoza,26,10,1,16,26,24,37,9,17,17,25,30,48,16,9,0,0,1,X
Case Barcelona,3,0,Valencia,26,10,1,2,62,61,16,34,28,3,47,42,26,23,24,0,0,1,1
Case Almería,1,0,Málaga,26,10,1,13,30,29,35,20,10,15,27,31,33,16,11,0,0,1,1
Case Espanyol,2,0,Sevilla,27,10,1,14,28,19,36,22,6,4,44,39,29,26,18,0,0,1,1
Case Deportivo,0,2,Valladolid,27,10,1,6,42,30,28,26,16,19,20,28,48,12,8,0,0,1,2
Case R.Madrid,3,1,Sporting,27,10,1,1,65,71,21,39,26,12,32,28,32,23,9,0,0,1,1
Case Athletic,2,2,Getafe,27,10,1,7,41,34,30,25,16,8,36,34,32,26,10,0,0,1,X
Case Mallorca,4,1,At.Madrid,27,10,1,5,43,41,31,33,10,10,34,39,38,24,10,0,0,1,1
Case Osasuna,1,3,Racing,27,10,1,13,31,24,27,17,14,16,27,24,37,10,17,0,0,1,2
Case Zaragoza,2,4,Barcelona,27,10,1,17,26,30,48,16,10,2,65,64,16,37,28,0,0,1,2
Case Valencia,2,0,Almería,27,10,1,3,47,42,29,23,24,11,33,30,35,23,10,0,0,1,1
Case Xerez,2,1,Tenerife,27,10,1,20,15,18,48,9,6,18,23,25,53,21,2,0,0,1,1
Case Málaga,2,0,Villarreal,27,10,1,15,27,31,34,16,11,9,36,38,37,30,6,0,0,1,1
Case Almería,1,0,Zaragoza,28,10,1,11,33,30,37,23,10,17,26,32,52,16,10,0,0,1,1
Case Valencia,1,0,Málaga,28,10,1,3,50,44,29,26,24,15,30,33,34,19,11,0,0,1,1
Case Tenerife,2,2,Villarreal,28,10,1,19,23,26,55,21,2,9,36,38,39,30,6,0,0,1,X
Case Sevilla,1,1,Xerez,28,10,1,5,44,39,31,26,18,20,18,20,49,12,6,0,0,1,X
Case Valladolid,0,0,Espanyol,28,10,1,18,23,30,48,12,11,14,31,21,36,25,6,0,0,1,X
Case Sporting,2,1,Deportivo,28,10,1,12,32,29,35,23,9,7,42,30,30,26,16,0,0,1,1
Case Getafe,2,4,R.Madrid,28,10,1,8,37,36,34,26,11,1,68,74,22,42,26,0,0,1,2
Case At.Madrid,2,0,Athletic,28,10,1,10,34,40,42,24,10,6,42,36,32,26,16,0,0,1,1
Case Racing,0,0,Mallorca,28,10,1,16,30,27,38,10,20,4,46,45,32,36,10,0,0,1,X
Case Barcelona,2,0,Osasuna,28,10,1,2,68,68,18,37,31,13,31,25,30,17,14,0,0,1,1
Case Mallorca,0,1,Barcelona,29,10,1,4,47,45,32,36,11,2,71,70,18,40,31,0,0,1,2
Case Osasuna,1,0,Almería,29,10,1,15,31,25,32,17,14,11,36,31,37,26,10,0,0,1,1
Case Zaragoza,3,0,Valencia,29,10,1,17,26,32,53,16,10,3,53,45,29,29,24,0,0,1,1
Case Málaga,1,1,Tenerife,29,10,1,16,30,33,35,19,11,19,24,28,57,22,2,0,0,1,X
Case Villarreal,3,0,Sevilla,29,10,1,10,37,40,41,30,7,5,45,40,32,27,18,0,0,1,1
Case Xerez,3,0,Valladolid,29,10,1,20,19,21,50,12,7,18,24,30,48,13,11,0,0,1,1
Case Espanyol,0,0,Sporting,29,10,1,13,32,21,36,25,7,12,35,31,36,26,9,0,0,1,X
Case Deportivo,1,3,Getafe,29,10,1,7,42,31,32,26,16,9,37,38,38,26,11,0,0,1,2
Case R.Madrid,3,2,At.Madrid,29,10,1,1,71,78,24,42,29,8,37,42,42,27,10,0,0,1,1
Case Athletic,4,3,Racing,29,10,1,6,42,36,34,26,16,14,31,27,38,11,20,0,0,1,1
Case Sevilla,3,0,Tenerife,30,10,1,5,45,40,35,27,18,18,25,29,58,22,3,0,0,1,1
Case Valladolid,0,2,Villarreal,30,10,1,19,24,30,51,13,11,8,40,43,41,33,7,0,0,1,2
Case Sporting,2,2,Xerez,30,10,1,12,36,31,36,26,10,20,22,24,50,15,7,0,0,1,X
Case Getafe,1,1,Espanyol,30,10,1,9,40,41,39,26,14,14,33,21,36,26,7,0,0,1,X
Case At.Madrid,3,0,Deportivo,30,10,1,10,37,44,45,27,10,7,42,32,35,26,16,0,0,1,1
Case Racing,0,2,R.Madrid,30,10,1,16,31,30,42,11,20,1,74,81,26,45,29,0,0,1,2
Case Barcelona,4,1,Athletic,30,10,1,2,74,71,18,40,34,6,45,40,37,29,16,0,0,1,1
Case Almería,1,1,Mallorca,30,10,1,11,36,31,38,26,10,4,47,45,33,36,11,0,0,1,X
Case Valencia,3,0,Osasuna,30,10,1,3,53,45,32,29,24,13,34,26,32,20,14,0,0,1,1
Case Zaragoza,2,0,Málaga,30,10,1,17,29,35,53,19,10,15,31,34,36,20,11,0,0,1,1
Case Málaga,1,2,Sevilla,31,10,1,16,31,34,38,20,11,4,48,43,35,30,18,0,0,1,2
Case Tenerife,0,0,Valladolid,31,10,1,18,25,29,61,22,3,19,24,30,53,13,11,0,0,1,X
Case Villarreal,1,0,Sporting,31,10,1,7,43,45,41,33,10,12,37,33,38,27,10,0,0,1,1
Case Xerez,0,1,Getafe,31,10,1,20,23,26,52,15,8,9,41,42,40,27,14,0,0,1,2
Case Espanyol,3,0,At.Madrid,31,10,1,14,34,22,37,26,8,10,40,47,45,30,10,0,0,1,1
Case Deportivo,1,1,Racing,31,10,1,8,42,32,38,26,16,17,31,30,44,11,20,0,0,1,X
Case R.Madrid,0,2,Barcelona,31,10,1,1,77,83,26,45,32,2,77,75,19,43,34,0,0,1,2
Case Athletic,4,1,Almería,31,10,1,6,45,41,41,29,16,11,37,32,39,27,10,0,0,1,1
Case Mallorca,3,2,Valencia,31,10,1,5,48,46,34,36,12,3,56,48,32,32,24,0,0,1,1
Case Osasuna,2,0,Zaragoza,31,10,1,13,34,26,35,20,14,15,32,37,53,22,10,0,0,1,1
Case Valladolid,2,1,Sevilla,32,10,1,19,25,30,53,13,12,4,51,45,36,30,21,0,0,1,1
Case Sporting,0,2,Tenerife,32,10,1,11,37,33,39,27,10,18,26,29,61,23,3,0,0,1,2
Case Getafe,3,0,Villarreal,32,10,1,8,44,43,40,27,17,7,46,46,41,36,10,0,0,1,1
Case At.Madrid,1,2,Xerez,32,10,1,10,40,47,48,30,10,20,23,26,53,15,8,0,0,1,2
Case Racing,3,1,Espanyol,32,10,1,15,32,31,45,11,21,14,37,25,37,29,8,0,0,1,1
Case Barcelona,3,0,Deportivo,32,10,1,1,80,77,19,43,37,9,43,33,39,27,16,0,0,1,1
Case Almería,1,2,R.Madrid,32,10,1,13,37,33,43,27,10,2,77,83,28,45,32,0,0,1,2
Case Valencia,2,0,Athletic,32,10,1,3,56,50,35,32,24,6,48,45,42,32,16,0,0,1,1
Case Zaragoza,1,1,Mallorca,32,10,1,16,32,37,55,22,10,5,51,49,36,39,12,0,0,1,X
Case Osasuna,2,2,Málaga,32,10,1,12,37,28,35,23,14,17,31,35,40,20,11,0,0,1,X
Case Málaga,0,0,Valladolid,33,10,1,17,32,37,42,20,12,19,28,32,54,16,12,0,0,1,X
Case Sevilla,3,0,Sporting,33,10,1,5,51,46,38,30,21,12,37,33,41,27,10,0,0,1,1
Case Tenerife,3,2,Getafe,33,10,1,18,29,31,61,23,6,7,47,46,40,30,17,0,0,1,1
Case Villarreal,2,1,At.Madrid,33,10,1,8,46,46,44,36,10,10,40,48,50,30,10,0,0,1,1
Case Xerez,2,2,Racing,33,10,1,20,26,28,54,15,11,15,35,34,46,14,21,0,0,1,X
Case Espanyol,0,0,Barcelona,33,10,1,14,37,26,40,29,8,1,83,80,19,46,37,0,0,1,X
Case Deportivo,0,0,Almería,33,10,1,9,43,33,42,27,16,13,37,34,45,27,10,0,0,1,X
Case R.Madrid,2,0,Valencia,33,10,1,2,80,85,29,45,35,3,59,52,35,35,24,0,0,1,1
Case Athletic,0,0,Zaragoza,33,10,1,6,48,45,44,32,16,16,33,38,56,23,10,0,0,1,X
Case Mallorca,2,0,Osasuna,33,10,1,4,52,50,37,39,13,11,38,30,37,24,14,0,0,1,1
Case Sporting,0,2,Valladolid,34,10,1,14,37,33,44,27,10,19,29,32,54,16,13,0,0,1,2
Case Getafe,4,3,Sevilla,34,10,1,8,47,48,43,30,17,5,54,49,38,33,21,0,0,1,1
Case At.Madrid,3,1,Tenerife,34,10,1,10,40,49,52,30,10,18,32,34,63,26,6,0,0,1,1
Case Racing,1,2,Villarreal,34,10,1,15,36,36,48,14,22,6,49,48,45,39,10,0,0,1,2
Case Barcelona,3,1,Xerez,34,10,1,1,84,80,19,46,38,20,27,30,56,16,11,0,0,1,1
Case Almería,0,1,Espanyol,34,10,1,12,38,34,45,27,11,13,38,26,40,30,8,0,0,1,2
Case Valencia,1,0,Deportivo,34,10,1,3,59,52,37,35,24,9,44,33,42,28,16,0,0,1,1
Case Zaragoza,1,2,R.Madrid,34,10,1,16,34,38,56,23,11,2,83,87,29,48,35,0,0,1,2
Case Osasuna,0,0,Athletic,34,10,1,11,38,30,39,24,14,7,49,45,44,33,16,0,0,1,X
Case Mallorca,1,1,Málaga,34,10,1,4,55,52,37,42,13,17,33,37,42,21,12,0,0,1,X
Case Málaga,1,1,Sporting,35,10,1,17,34,38,43,21,13,14,37,33,46,27,10,0,0,1,X
Case Valladolid,0,0,Getafe,35,10,1,18,32,34,54,16,16,7,50,52,46,33,17,0,0,1,X
Case Sevilla,3,1,At.Madrid,35,10,1,5,54,52,42,33,21,10,43,52,53,33,10,0,0,1,1
Case Tenerife,2,1,Racing,35,10,1,19,32,35,66,26,6,15,36,37,50,14,22,0,0,1,1
Case Villarreal,1,4,Barcelona,35,10,1,6,52,50,46,39,13,1,87,83,20,49,38,0,0,1,2
Case Xerez,2,1,Almería,35,10,1,20,27,31,59,16,11,13,38,34,46,27,11,0,0,1,1
Case Espanyol,0,2,Valencia,35,10,1,11,41,27,40,30,11,3,62,53,37,38,24,0,0,1,2
Case Deportivo,0,1,Zaragoza,35,10,1,9,44,33,43,28,16,16,34,39,58,23,11,0,0,1,2
Case R.Madrid,3,2,Osasuna,35,10,1,2,86,89,30,48,38,12,39,30,39,25,14,0,0,1,1
Case Athletic,1,3,Mallorca,35,10,1,8,50,45,44,33,17,4,56,53,38,43,13,0,0,1,2
Case Getafe,1,1,Sporting,36,10,1,7,51,52,46,33,18,14,38,34,47,27,11,0,0,1,X
Case At.Madrid,3,1,Valladolid,36,10,1,10,43,53,56,33,10,19,33,34,54,17,16,0,0,1,1
Case Racing,1,5,Sevilla,36,10,1,16,36,38,52,14,22,5,57,55,43,36,21,0,0,1,2
Case Barcelona,4,1,Tenerife,36,10,1,1,90,87,21,49,41,18,35,37,67,29,6,0,0,1,1
Case Almería,4,2,Villarreal,36,10,1,13,38,35,48,27,11,6,52,51,50,39,13,0,0,1,1
Case Valencia,3,1,Xerez,36,10,1,3,65,55,37,38,27,20,30,33,60,19,11,0,0,1,1
Case Zaragoza,1,0,Espanyol,36,10,1,15,37,40,58,23,14,11,41,27,42,30,11,0,0,1,1
Case Osasuna,3,1,Deportivo,36,10,1,12,39,32,42,25,14,9,44,33,44,28,16,0,0,1,1
Case Mallorca,1,4,R.Madrid,36,10,1,4,59,56,39,43,16,2,89,92,32,51,38,0,0,1,2
Case Athletic,1,1,Málaga,36,10,1,8,50,46,47,33,17,17,35,39,44,22,13,0,0,1,X
Case Getafe,2,1,Málaga,37,10,1,6,52,53,47,34,18,16,36,40,45,22,14,0,0,1,1
Case Sporting,1,1,At.Madrid,37,10,1,15,39,35,48,27,12,9,46,56,57,36,10,0,0,1,X
Case Valladolid,2,1,Racing,37,10,1,19,33,35,57,17,16,17,36,39,57,14,22,0,0,1,1
Case Sevilla,2,3,Barcelona,37,10,1,4,60,60,44,36,24,1,93,91,22,52,41,0,0,1,2
Case Tenerife,2,2,Almería,37,10,1,18,35,38,71,29,6,13,41,39,50,30,11,0,0,1,X
Case Villarreal,2,0,Valencia,37,10,1,7,52,53,54,39,13,3,68,58,38,41,27,0,0,1,1
Case Xerez,3,2,Zaragoza,37,10,1,20,30,34,63,19,11,14,40,41,58,26,14,0,0,1,1
Case Espanyol,2,1,Osasuna,37,10,1,12,41,27,43,30,11,11,42,35,43,28,14,0,0,1,1
Case Deportivo,1,0,Mallorca,37,10,1,10,44,34,47,28,16,5,59,57,43,43,16,0,0,1,1
Case R.Madrid,5,1,Athletic,37,10,1,2,92,96,33,51,41,8,51,47,48,34,17,0,0,1,1
Case At.Madrid,0,3,Getafe,38,10,1,9,47,57,58,36,11,6,55,55,48,37,18,0,0,1,2
Case Racing,2,0,Sporting,38,10,1,17,36,40,59,14,22,14,40,36,49,28,12,0,0,1,1
Case Barcelona,4,0,Valladolid,38,10,1,1,96,94,24,52,44,16,36,37,58,20,16,0,0,1,1
Case Almería,2,3,Sevilla,38,10,1,12,42,41,52,30,12,4,60,62,47,36,24,0,0,1,2
Case Valencia,1,0,Tenerife,38,10,1,3,68,58,40,41,27,19,36,40,73,30,6,0,0,1,1
Case Zaragoza,3,3,Villarreal,38,10,1,15,40,43,61,26,14,7,55,55,54,42,13,0,0,1,X
Case Osasuna,1,1,Xerez,38,10,1,13,42,36,45,28,14,20,33,37,65,22,11,0,0,1,X
Case Mallorca,2,0,Espanyol,38,10,1,5,59,57,44,43,16,11,44,29,44,33,11,0,0,1,1
Case Athletic,2,0,Deportivo,38,10,1,8,51,48,53,34,17,10,47,35,47,31,16,0,0,1,1
Case Málaga,1,1,R.Madrid,38,10,1,18,36,41,47,22,14,2,95,101,34,54,41,0,0,1,X
