Case 1,R.Madrid,3,2,Deportivo,1,10,1,0,0,0,0,0,0,0,0,0,0,0,0,0,0,1,1
Case 2,Barcelona,3,0,Sporting,1,10,1,0,0,0,0,0,0,0,0,0,0,0,0,0,0,1,1
Case 3,Málaga,3,0,At.Madrid,1,10,1,0,0,0,0,0,0,0,0,0,0,0,0,0,0,1,1
Case 4,Valencia,2,0,Sevilla,1,10,1,0,0,0,0,0,0,0,0,0,0,0,0,0,0,1,1
Case 5,Mallorca,2,0,Xerez,1,10,1,0,0,0,0,0,0,0,0,0,0,0,0,0,0,1,1
Case 6,Almería,0,0,Valladolid,1,10,1,0,0,0,0,0,0,0,0,0,0,0,0,0,0,1,X
Case 7,Racing,1,4,Getafe,1,10,1,0,0,0,0,0,0,0,0,0,0,0,0,0,0,1,2
Case 8,Osasuna,1,1,Villarreal,1,10,1,0,0,0,0,0,0,0,0,0,0,0,0,0,0,1,X
Case 9,Zaragoza,1,0,Tenerife,1,10,1,0,0,0,0,0,0,0,0,0,0,0,0,0,0,1,1
Case 10,Athletic,1,0,Espanyol,1,10,1,0,0,0,0,0,0,0,0,0,0,0,0,0,0,1,1
Case 11,Xerez,0,1,Athletic,2,10,1,16,0,0,2,0,0,8,3,1,0,3,0,0,0,1,2
Case 12,Deportivo,1,0,Málaga,2,10,1,13,0,2,3,0,0,3,3,3,0,3,0,0,0,1,1
Case 13,Espanyol,0,3,R.Madrid,2,10,1,14,0,0,1,0,0,6,3,3,2,3,0,0,0,1,2
Case 14,Villarreal,1,1,Mallorca,2,10,1,10,1,1,1,0,1,4,3,2,0,3,0,0,0,1,X
Case 15,Tenerife,2,1,Osasuna,2,10,1,15,0,0,1,0,0,9,1,1,1,1,0,0,0,1,1
Case 16,Sevilla,4,1,Zaragoza,2,10,1,17,0,0,2,0,0,7,3,1,0,3,0,0,0,1,1
Case 17,Valladolid,2,4,Valencia,2,10,1,12,1,0,0,0,1,5,3,2,0,3,0,0,0,1,2
Case 18,Sporting,1,0,Almería,2,10,1,19,0,0,3,0,0,11,1,0,0,1,0,0,0,1,1
Case 19,Getafe,0,2,Barcelona,2,10,1,1,3,4,1,0,3,2,3,3,0,3,0,0,0,1,2
Case 20,At.Madrid,1,1,Racing,2,10,1,20,0,0,3,0,0,18,0,1,4,0,0,0,0,1,X
Case 21,Deportivo,2,3,Espanyol,3,10,1,9,3,3,3,3,0,20,0,0,4,0,0,0,0,1,2
Case 22,R.Madrid,5,0,Xerez,3,10,1,3,6,6,2,3,3,19,0,0,3,0,0,0,0,1,1
Case 23,Athletic,3,2,Villarreal,3,10,1,4,6,2,0,3,3,13,2,2,2,1,1,0,0,1,1
Case 24,Mallorca,4,0,Tenerife,3,10,1,5,4,3,1,3,1,10,3,2,2,3,0,0,0,1,1
Case 25,Osasuna,0,2,Sevilla,3,10,1,14,1,2,3,1,0,7,3,4,3,3,0,0,0,1,2
Case 26,Zaragoza,1,2,Valladolid,3,10,1,11,3,2,4,3,0,16,1,2,4,0,1,0,0,1,2
Case 27,Valencia,2,2,Sporting,3,10,1,2,6,6,2,3,3,12,3,1,3,3,0,0,0,1,X
Case 28,Almería,1,0,Getafe,3,10,1,15,1,0,1,1,0,8,3,4,3,0,3,0,0,1,1
Case 29,Barcelona,5,2,At.Madrid,3,10,1,1,6,5,0,3,3,18,1,1,4,1,0,0,0,1,1
Case 30,Málaga,1,2,Racing,3,10,1,6,3,3,1,3,0,17,1,2,5,0,1,0,0,1,2
Case 31,Espanyol,2,1,Málaga,4,10,1,13,3,5,6,3,0,14,3,3,6,0,3,0,0,1,1
Case 32,Xerez,0,3,Deportivo,4,10,1,1,9,11,2,6,3,20,0,0,8,0,0,0,0,1,2
Case 33,Villarreal,0,2,R.Madrid,4,10,1,3,9,5,2,6,3,17,2,4,5,1,1,0,0,1,2
Case 34,Tenerife,1,0,Athletic,4,10,1,4,7,7,1,6,1,16,3,2,6,3,0,0,0,1,1
Case 35,Sevilla,2,0,Mallorca,4,10,1,18,1,2,5,1,0,6,6,6,3,3,3,0,0,1,1
Case 36,Valladolid,1,2,Osasuna,4,10,1,15,3,3,6,3,0,8,4,4,5,0,4,0,0,1,2
Case 37,Sporting,1,1,Zaragoza,4,10,1,5,7,8,4,4,3,10,4,3,5,3,1,0,0,1,X
Case 38,Getafe,3,1,Valencia,4,10,1,7,4,1,1,4,0,12,3,4,4,0,3,0,0,1,1
Case 39,At.Madrid,2,2,Almería,4,10,1,2,9,10,2,6,3,19,1,3,9,1,0,0,0,1,X
Case 40,Racing,1,4,Barcelona,4,10,1,11,3,4,3,3,0,9,4,4,6,0,4,0,0,1,2
Case 41,Espanyol,0,0,Xerez,5,10,1,9,6,5,7,3,3,20,0,0,11,0,0,0,0,1,X
Case 42,Deportivo,1,0,Villarreal,5,10,1,7,6,8,6,3,3,18,2,4,7,1,1,0,0,1,1
Case 43,R.Madrid,3,0,Tenerife,5,10,1,2,12,13,2,6,6,10,6,3,6,6,0,0,0,1,1
Case 44,Athletic,0,4,Sevilla,5,10,1,4,9,5,3,6,3,3,9,8,3,6,3,0,0,1,2
Case 45,Mallorca,3,0,Valladolid,5,10,1,5,7,7,3,6,1,13,4,5,7,0,4,0,0,1,1
Case 46,Osasuna,1,0,Sporting,5,10,1,14,4,4,6,1,3,12,5,4,6,4,1,0,0,1,1
Case 47,Zaragoza,3,0,Getafe,5,10,1,15,4,4,7,3,1,8,6,7,5,3,3,0,0,1,1
Case 48,Valencia,2,2,At.Madrid,5,10,1,6,7,9,7,4,3,19,2,5,11,2,0,0,0,1,X
Case 49,Almería,2,2,Racing,5,10,1,11,5,3,3,4,1,16,4,5,10,0,4,0,0,1,X
Case 50,Málaga,0,2,Barcelona,5,10,1,17,3,5,5,3,0,1,12,14,3,6,6,0,0,1,2
Case 51,Xerez,1,1,Málaga,6,10,1,20,1,0,11,0,1,17,3,5,7,3,0,0,0,1,X
Case 52,Villarreal,0,0,Espanyol,6,10,1,19,2,4,8,1,1,10,7,5,7,4,3,0,0,1,X
Case 53,Tenerife,0,1,Deportivo,6,10,1,13,6,3,9,6,0,5,9,9,6,6,3,0,0,1,2
Case 54,Sevilla,2,1,R.Madrid,6,10,1,3,12,12,3,6,6,1,15,16,2,9,6,0,0,1,1
Case 55,Valladolid,2,2,Athletic,6,10,1,16,4,5,10,0,4,6,9,5,7,6,3,0,0,1,X
Case 56,Sporting,4,1,Mallorca,6,10,1,14,5,4,7,4,1,4,10,10,3,9,1,0,0,1,1
Case 57,Getafe,2,1,Osasuna,6,10,1,12,6,7,8,3,3,9,7,5,6,4,3,0,0,1,1
Case 58,At.Madrid,2,1,Zaragoza,6,10,1,18,3,7,13,2,1,8,7,7,7,6,1,0,0,1,1
Case 59,Racing,0,1,Valencia,6,10,1,15,5,7,12,0,5,7,8,11,9,5,3,0,0,1,2
Case 60,Barcelona,1,0,Almería,6,10,1,2,15,16,3,6,9,11,6,5,5,5,1,0,0,1,1
Case 61,Xerez,2,1,Villarreal,7,10,1,20,2,1,12,1,1,19,3,4,8,2,1,0,0,1,1
Case 62,Espanyol,2,1,Tenerife,7,10,1,10,8,5,7,4,4,15,6,3,10,6,0,0,0,1,1
Case 63,Deportivo,1,0,Sevilla,7,10,1,4,12,10,6,6,6,3,15,14,4,9,6,0,0,1,1
Case 64,R.Madrid,4,2,Valladolid,7,10,1,2,15,17,4,9,6,16,5,7,12,1,4,0,0,1,1
Case 65,Athletic,1,2,Sporting,7,10,1,7,10,7,9,6,4,9,8,8,8,7,1,0,0,1,2
Case 66,Mallorca,3,1,Getafe,7,10,1,6,10,11,7,9,1,8,9,9,9,6,3,0,0,1,1
Case 67,Osasuna,3,0,At.Madrid,7,10,1,12,7,6,8,4,3,14,6,9,14,5,1,0,0,1,1
Case 68,Zaragoza,2,2,Racing,7,10,1,11,7,8,9,6,1,17,5,7,13,0,5,0,0,1,X
Case 69,Valencia,0,0,Barcelona,7,10,1,5,11,12,9,5,6,1,18,17,3,9,9,0,0,1,X
Case 70,Málaga,1,2,Almería,7,10,1,18,4,6,8,3,1,13,6,5,6,5,1,0,0,1,2
Case 71,Sevilla,0,0,Espanyol,8,10,1,3,15,14,5,9,6,8,11,7,8,7,4,0,0,1,X
Case 72,Valladolid,4,0,Deportivo,8,10,1,17,5,9,16,1,4,4,15,11,6,9,6,0,0,1,1
Case 73,Sporting,0,0,R.Madrid,8,10,1,7,11,10,9,7,4,2,18,21,6,12,6,0,0,1,X
Case 74,Getafe,2,0,Athletic,8,10,1,12,9,10,12,6,3,10,10,8,11,6,4,0,0,1,1
Case 75,At.Madrid,1,1,Mallorca,8,10,1,15,6,9,17,5,1,5,13,14,8,12,1,0,0,1,X
Case 76,Racing,1,1,Osasuna,8,10,1,14,6,9,15,0,6,9,10,9,8,7,3,0,0,1,X
Case 77,Barcelona,6,1,Zaragoza,8,10,1,1,19,17,3,9,10,13,8,10,11,7,1,0,0,1,1
Case 78,Almería,0,3,Valencia,8,10,1,11,9,7,7,5,4,6,12,12,9,6,6,0,0,1,2
Case 79,Tenerife,1,0,Xerez,8,10,1,16,6,4,12,6,0,18,5,3,13,4,1,0,0,1,1
Case 80,Villarreal,2,1,Málaga,8,10,1,20,3,5,10,2,1,19,4,7,10,3,1,0,0,1,1
Case 81,Zaragoza,2,1,Almería,9,10,1,15,8,11,17,7,1,12,9,7,10,5,4,0,0,1,1
Case 82,Málaga,0,1,Valencia,9,10,1,20,4,8,12,3,1,4,15,15,9,6,9,0,0,1,2
Case 83,Villarreal,5,0,Tenerife,9,10,1,18,6,7,11,5,1,13,9,5,12,9,0,0,0,1,1
Case 84,Xerez,0,2,Sevilla,9,10,1,19,5,3,14,4,1,3,16,14,5,10,6,0,0,1,2
Case 85,Espanyol,1,1,Valladolid,9,10,1,9,12,7,8,7,5,14,8,13,16,4,4,0,0,1,X
Case 86,Deportivo,1,1,Sporting,9,10,1,5,15,11,10,9,6,7,12,10,9,8,4,0,0,1,X
Case 87,R.Madrid,2,0,Getafe,9,10,1,2,19,21,6,12,7,8,12,12,12,9,3,0,0,1,1
Case 88,Athletic,1,0,At.Madrid,9,10,1,11,10,8,13,6,4,17,7,10,18,6,1,0,0,1,1
Case 89,Mallorca,1,0,Racing,9,10,1,6,14,15,9,12,2,16,7,10,16,1,6,0,0,1,1
Case 90,Osasuna,1,1,Barcelona,9,10,1,10,11,10,9,7,4,1,22,23,4,12,10,0,0,1,X
Case 91,Barcelona,4,2,Mallorca,10,10,1,1,23,24,5,12,11,5,17,16,9,15,2,0,0,1,1
Case 92,Almería,2,0,Osasuna,10,10,1,15,9,8,12,5,4,10,12,11,10,8,4,0,0,1,1
Case 93,Valencia,3,1,Zaragoza,10,10,1,4,18,16,9,6,12,12,11,13,18,10,1,0,0,1,1
Case 94,Tenerife,2,2,Málaga,10,10,1,16,9,5,17,9,0,20,4,8,13,3,1,0,0,1,X
Case 95,Sevilla,3,2,Villarreal,10,10,1,3,19,16,5,10,9,13,9,12,11,8,1,0,0,1,1
Case 96,Valladolid,0,0,Xerez,10,10,1,14,9,14,17,4,5,19,5,3,16,4,1,0,0,1,X
Case 97,Sporting,1,0,Espanyol,10,10,1,7,13,11,10,8,5,8,13,8,9,8,5,0,0,1,1
Case 98,Getafe,0,2,Deportivo,10,10,1,11,12,12,14,9,3,6,16,12,11,10,6,0,0,1,2
Case 99,At.Madrid,2,3,R.Madrid,10,10,1,18,7,10,19,6,1,2,22,23,6,15,7,0,0,1,2
Case 100,Racing,0,2,Athletic,10,10,1,17,7,10,17,1,6,9,13,9,13,9,4,0,0,1,2
Case 101,Tenerife,1,2,Sevilla,11,10,1,15,10,7,19,10,0,3,22,19,7,13,9,0,0,1,2
Case 102,Villarreal,3,1,Valladolid,11,10,1,16,9,14,14,8,1,14,10,14,17,5,5,0,0,1,1
Case 103,Xerez,0,0,Sporting,11,10,1,19,6,3,16,4,2,7,16,12,10,11,5,0,0,1,X
Case 104,Espanyol,0,2,Getafe,11,10,1,9,13,8,10,8,5,12,12,12,16,9,3,0,0,1,2
Case 105,Deportivo,2,1,At.Madrid,11,10,1,5,19,14,11,10,9,18,7,12,22,6,1,0,0,1,1
Case 106,R.Madrid,1,0,Racing,11,10,1,2,25,26,8,15,10,17,7,10,19,1,6,0,0,1,1
Case 107,Athletic,1,1,Barcelona,11,10,1,8,16,11,13,9,7,1,26,28,7,15,11,0,0,1,X
Case 108,Mallorca,3,1,Almería,11,10,1,6,17,18,13,15,2,11,12,10,12,8,4,0,0,1,1
Case 109,Osasuna,1,3,Valencia,11,10,1,10,12,11,12,8,4,4,21,19,10,9,12,0,0,1,2
Case 110,Málaga,1,1,Zaragoza,11,10,1,20,5,10,15,3,2,13,11,14,21,10,1,0,0,1,X
Case 111,Sevilla,2,2,Málaga,12,10,1,3,25,21,8,13,12,20,6,11,16,4,2,0,0,1,X
Case 112,Valladolid,3,3,Tenerife,12,10,1,15,10,15,20,5,5,16,10,8,21,10,0,0,0,1,X
Case 113,Sporting,1,0,Villarreal,12,10,1,7,17,12,10,11,6,11,12,17,15,11,1,0,0,1,1
Case 114,Getafe,5,1,Xerez,12,10,1,9,15,14,16,9,6,19,7,3,16,5,2,0,0,1,1
Case 115,At.Madrid,4,0,Espanyol,12,10,1,18,7,13,24,6,1,10,13,8,12,8,5,0,0,1,1
Case 116,Racing,0,1,Deportivo,12,10,1,17,7,10,20,1,6,5,22,16,12,13,9,0,0,1,2
Case 117,Barcelona,1,0,R.Madrid,12,10,1,2,27,29,8,15,12,1,28,27,8,18,10,0,0,1,1
Case 118,Almería,1,4,Athletic,12,10,1,13,12,11,15,8,4,8,17,12,14,10,7,0,0,1,2
Case 119,Valencia,1,1,Mallorca,12,10,1,4,24,22,11,9,15,6,20,21,14,18,2,0,0,1,X
Case 120,Zaragoza,0,1,Osasuna,12,10,1,14,12,15,22,10,2,12,12,12,15,8,4,0,0,1,2
Case 121,Sevilla,1,1,Valladolid,13,10,1,3,26,23,10,14,12,15,11,18,23,6,5,0,0,1,X
Case 122,Tenerife,2,1,Sporting,13,10,1,16,11,11,24,10,1,7,20,13,10,14,6,0,0,1,1
Case 123,Villarreal,3,2,Getafe,13,10,1,12,12,17,16,11,1,9,18,19,17,12,6,0,0,1,1
Case 124,Xerez,0,2,At.Madrid,13,10,1,20,7,4,21,5,2,17,10,17,24,9,1,0,0,1,2
Case 125,Espanyol,0,4,Racing,13,10,1,11,13,8,16,8,5,19,7,10,21,1,6,0,0,1,2
Case 126,Deportivo,1,3,Barcelona,13,10,1,5,25,17,12,13,12,1,30,30,8,18,12,0,0,1,2
Case 127,R.Madrid,4,2,Almería,13,10,1,2,28,27,9,18,10,13,12,12,19,8,4,0,0,1,1
Case 128,Athletic,1,2,Valencia,13,10,1,8,20,16,15,10,10,4,25,23,12,10,15,0,0,1,2
Case 129,Mallorca,4,1,Zaragoza,13,10,1,6,21,22,15,18,3,14,12,15,23,10,2,0,0,1,1
Case 130,Málaga,1,1,Osasuna,13,10,1,18,7,13,18,4,3,10,15,13,15,8,7,0,0,1,X
Case 131,Valladolid,1,1,Málaga,14,10,1,15,12,19,24,6,6,19,8,14,19,5,3,0,0,1,X
Case 132,Sporting,0,1,Sevilla,14,10,1,7,20,14,12,14,6,4,27,24,11,15,12,0,0,1,2
Case 133,Getafe,2,1,Tenerife,14,10,1,9,18,21,20,12,6,12,14,13,25,13,1,0,0,1,1
Case 134,At.Madrid,1,2,Villarreal,14,10,1,13,13,19,24,9,4,11,15,20,18,14,1,0,0,1,2
Case 135,Racing,3,2,Xerez,14,10,1,18,10,14,21,1,9,20,7,4,25,5,2,0,0,1,1
Case 136,Barcelona,1,0,Espanyol,14,10,1,1,36,35,9,18,18,14,13,8,20,8,5,0,0,1,1
Case 137,Almería,1,1,Deportivo,14,10,1,16,12,14,23,8,4,5,25,18,15,13,12,0,0,1,X
Case 138,Valencia,2,3,R.Madrid,14,10,1,3,28,25,13,10,18,2,31,31,11,21,10,0,0,1,2
Case 139,Zaragoza,1,2,Athletic,14,10,1,17,12,16,27,10,2,8,20,17,17,10,10,0,0,1,2
Case 140,Osasuna,0,1,Mallorca,14,10,1,10,16,14,16,8,8,6,24,26,16,21,3,0,0,1,2
Case 141,Valladolid,2,1,Sporting,15,10,1,13,13,20,25,7,6,9,20,14,13,14,6,0,0,1,1
Case 142,Sevilla,1,2,Getafe,15,10,1,3,30,25,11,15,15,8,21,23,21,15,6,0,0,1,2
Case 143,Tenerife,1,1,At.Madrid,15,10,1,12,14,14,27,13,1,14,13,20,26,9,4,0,0,1,X
Case 144,Villarreal,2,0,Racing,15,10,1,10,18,22,19,14,4,15,13,17,23,4,9,0,0,1,1
Case 145,Xerez,0,2,Barcelona,15,10,1,20,7,6,28,5,2,1,39,36,9,21,18,0,0,1,2
Case 146,Espanyol,2,0,Almería,15,10,1,17,13,8,21,8,5,16,13,15,24,9,4,0,0,1,1
Case 147,Deportivo,0,0,Valencia,15,10,1,6,26,19,16,13,13,4,28,27,16,10,18,0,0,1,X
Case 148,R.Madrid,6,0,Zaragoza,15,10,1,2,34,34,13,21,13,18,12,17,29,10,2,0,0,1,1
Case 149,Athletic,2,0,Osasuna,15,10,1,7,23,19,18,10,13,11,16,14,17,8,8,0,0,1,1
Case 150,Málaga,2,1,Mallorca,15,10,1,19,9,15,20,5,4,5,27,27,16,21,6,0,0,1,1
Case 151,Sporting,2,2,Málaga,16,10,1,10,20,15,15,14,6,18,12,17,21,8,4,0,0,1,X
Case 152,Getafe,1,0,Valladolid,16,10,1,8,24,25,22,15,9,11,16,22,26,10,6,0,0,1,1
Case 153,At.Madrid,2,1,Sevilla,16,10,1,15,14,21,27,9,5,3,30,26,13,15,15,0,0,1,1
Case 154,Racing,2,0,Tenerife,16,10,1,16,13,17,25,4,9,14,15,15,28,14,1,0,0,1,1
Case 155,Barcelona,1,1,Villarreal,16,10,1,1,39,36,9,21,18,9,21,24,19,17,4,0,0,1,X
Case 156,Almería,1,0,Xerez,16,10,1,17,13,15,26,9,4,20,7,6,28,5,2,0,0,1,1
Case 157,Valencia,1,0,Espanyol,16,10,1,4,29,27,16,10,19,13,16,10,21,11,5,0,0,1,1
Case 158,Zaragoza,0,0,Deportivo,16,10,1,19,12,17,35,10,2,6,27,19,16,14,13,0,0,1,X
Case 159,Osasuna,0,0,R.Madrid,16,10,1,12,16,14,19,8,8,2,37,40,13,24,13,0,0,1,X
Case 160,Mallorca,2,0,Athletic,16,10,1,5,27,28,18,21,6,7,26,21,18,13,13,0,0,1,1
Case 161,Sporting,1,0,Getafe,17,10,1,10,21,17,17,15,6,7,27,26,22,18,9,0,0,1,1
Case 162,Valladolid,0,4,At.Madrid,17,10,1,13,16,22,27,10,6,11,17,23,28,12,5,0,0,1,2
Case 163,Sevilla,1,2,Racing,17,10,1,5,30,27,15,15,15,14,16,19,25,7,9,0,0,1,2
Case 164,Tenerife,0,5,Barcelona,17,10,1,17,15,15,30,14,1,1,40,37,10,22,18,0,0,1,2
Case 165,Villarreal,1,1,Almería,17,10,1,9,22,25,20,17,5,15,16,16,26,12,4,0,0,1,X
Case 166,Xerez,1,3,Valencia,17,10,1,20,7,6,29,5,2,3,32,28,16,13,19,0,0,1,2
Case 167,Espanyol,2,1,Zaragoza,17,10,1,16,16,10,22,11,5,19,13,17,35,11,2,0,0,1,1
Case 168,Deportivo,1,0,Osasuna,17,10,1,6,28,19,16,14,14,12,17,14,19,9,8,0,0,1,1
Case 169,R.Madrid,2,0,Mallorca,17,10,1,2,38,40,13,24,14,4,30,30,18,24,6,0,0,1,1
Case 170,Málaga,1,1,Athletic,17,10,1,18,13,19,23,8,5,8,26,21,20,13,13,0,0,1,X
Case 171,Málaga,1,0,Getafe,18,10,1,18,14,20,24,9,5,7,27,26,23,18,9,0,0,1,1
Case 172,At.Madrid,3,2,Sporting,18,10,1,11,20,27,28,12,8,9,24,18,17,18,6,0,0,1,1
Case 173,Racing,1,1,Valladolid,18,10,1,12,19,21,26,7,12,16,16,22,31,10,6,0,0,1,X
Case 174,Barcelona,4,0,Sevilla,18,10,1,1,43,42,10,22,21,5,30,28,17,15,15,0,0,1,1
Case 175,Almería,1,1,Tenerife,18,10,1,15,17,17,27,12,5,17,15,15,35,14,1,0,0,1,X
Case 176,Valencia,4,1,Villarreal,18,10,1,3,35,31,17,13,22,10,23,26,21,18,5,0,0,1,1
Case 177,Zaragoza,0,0,Xerez,18,10,1,19,13,18,37,11,2,20,7,7,32,5,2,0,0,1,X
Case 178,Osasuna,2,0,Espanyol,18,10,1,14,17,14,20,9,8,13,19,12,23,14,5,0,0,1,1
Case 179,Mallorca,2,0,Deportivo,18,10,1,6,30,30,20,24,6,4,31,20,16,17,14,0,0,1,1
Case 180,Athletic,1,0,R.Madrid,18,10,1,8,27,22,21,13,14,2,41,42,13,27,14,0,0,1,1
Case 181,Getafe,1,0,At.Madrid,19,10,1,8,27,26,24,18,9,11,23,30,30,15,8,0,0,1,1
Case 182,Sporting,0,1,Racing,19,10,1,9,24,20,20,18,6,13,20,22,27,8,12,0,0,1,2
Case 183,Valladolid,0,3,Barcelona,19,10,1,17,17,23,32,10,7,1,46,46,10,25,21,0,0,1,2
Case 184,Sevilla,1,0,Almería,19,10,1,6,30,28,21,15,15,15,18,18,28,13,5,0,0,1,1
Case 185,Tenerife,0,0,Valencia,19,10,1,18,16,16,36,14,2,3,38,35,18,16,22,0,0,1,X
Case 186,Villarreal,4,2,Zaragoza,19,10,1,10,23,27,25,18,5,19,14,18,37,12,2,0,0,1,1
Case 187,Xerez,1,2,Osasuna,19,10,1,20,8,7,32,5,3,12,20,16,20,12,8,0,0,1,2
Case 188,Espanyol,1,1,Mallorca,19,10,1,14,19,12,25,14,5,4,33,32,20,27,6,0,0,1,X
Case 189,Deportivo,3,1,Athletic,19,10,1,5,31,20,18,17,14,7,30,23,21,16,14,0,0,1,1
Case 190,R.Madrid,2,0,Málaga,19,10,1,2,41,42,14,27,14,16,17,21,24,12,5,0,0,1,1
Case 191,Deportivo,1,3,R.Madrid,20,10,1,5,34,23,19,20,14,2,44,44,14,30,14,0,0,1,2
Case 192,Sporting,0,1,Barcelona,20,10,1,10,24,20,21,18,6,1,49,49,10,25,24,0,0,1,2
Case 193,At.Madrid,0,2,Málaga,20,10,1,11,23,30,31,15,8,16,17,21,26,12,5,0,0,1,2
Case 194,Sevilla,2,1,Valencia,20,10,1,6,33,29,21,18,15,3,39,35,18,16,23,0,0,1,1
Case 195,Xerez,2,1,Mallorca,20,10,1,20,8,8,34,5,3,4,34,33,21,27,7,0,0,1,1
Case 196,Valladolid,1,1,Almería,20,10,1,17,17,23,35,10,7,15,18,18,29,13,5,0,0,1,X
Case 197,Getafe,0,0,Racing,20,10,1,7,30,27,24,21,9,13,23,23,27,8,15,0,0,1,X
Case 198,Villarreal,0,2,Osasuna,20,10,1,9,26,31,27,21,5,12,23,18,21,12,11,0,0,1,2
Case 199,Tenerife,1,3,Zaragoza,20,10,1,18,17,16,36,15,2,19,14,20,41,12,2,0,0,1,2
Case 200,Espanyol,1,0,Athletic,20,10,1,14,20,13,26,15,5,8,30,24,24,16,14,0,0,1,1
Case 201,Athletic,3,2,Xerez,21,10,1,8,30,24,25,16,14,20,11,10,35,8,3,0,0,1,1
Case 202,Málaga,0,0,Deportivo,21,10,1,15,20,23,26,12,8,6,34,24,22,20,14,0,0,1,X
Case 203,R.Madrid,3,0,Espanyol,21,10,1,2,47,47,15,30,17,14,23,14,26,18,5,0,0,1,1
Case 204,Mallorca,1,0,Villarreal,21,10,1,5,34,34,23,27,7,10,26,31,29,21,5,0,0,1,1
Case 205,Osasuna,1,0,Tenerife,21,10,1,9,26,20,21,12,14,19,17,17,39,15,2,0,0,1,1
Case 206,Zaragoza,2,1,Sevilla,21,10,1,18,17,23,42,12,5,4,36,31,22,21,15,0,0,1,1
Case 207,Valencia,2,0,Valladolid,21,10,1,3,39,36,20,16,23,17,18,24,36,11,7,0,0,1,1
Case 208,Almería,3,1,Sporting,21,10,1,16,19,19,30,13,6,11,24,20,22,18,6,0,0,1,1
Case 209,Barcelona,2,1,Getafe,21,10,1,1,52,50,10,25,27,7,31,27,24,22,9,0,0,1,1
Case 210,Racing,1,1,At.Madrid,21,10,1,12,24,23,27,8,16,13,23,30,33,15,8,0,0,1,X
Case 211,Espanyol,2,0,Deportivo,22,10,1,14,23,14,29,18,5,6,35,24,22,20,15,0,0,1,1
Case 212,Xerez,0,3,R.Madrid,22,10,1,20,11,12,38,8,3,2,50,50,15,33,17,0,0,1,2
Case 213,Villarreal,2,1,Athletic,22,10,1,10,26,31,30,21,5,7,33,27,27,19,14,0,0,1,1
Case 214,Tenerife,1,0,Mallorca,22,10,1,19,17,17,40,15,2,4,37,35,23,30,7,0,0,1,1
Case 215,Sevilla,1,0,Osasuna,22,10,1,5,36,32,24,21,15,9,29,21,21,15,14,0,0,1,1
Case 216,Valladolid,1,1,Zaragoza,22,10,1,18,18,24,38,11,7,17,20,25,43,15,5,0,0,1,X
Case 217,Sporting,1,1,Valencia,22,10,1,13,24,21,25,18,6,3,42,38,20,19,23,0,0,1,X
Case 218,Getafe,2,2,Almería,22,10,1,8,31,28,26,22,9,15,22,22,31,16,6,0,0,1,X
Case 219,At.Madrid,2,1,Barcelona,22,10,1,12,24,31,34,15,9,1,55,52,11,28,27,0,0,1,1
Case 220,Racing,0,3,Málaga,22,10,1,11,25,24,28,9,16,16,21,23,26,13,8,0,0,1,2
Case 221,Málaga,2,1,Espanyol,23,10,1,15,24,26,26,13,11,12,26,16,29,21,5,0,0,1,1
Case 222,Deportivo,2,1,Xerez,23,10,1,6,35,24,24,20,15,20,11,12,41,8,3,0,0,1,1
Case 223,R.Madrid,6,2,Villarreal,23,10,1,2,53,53,15,33,20,10,29,33,31,24,5,0,0,1,1
Case 224,Athletic,4,1,Tenerife,23,10,1,7,33,28,29,19,14,18,20,18,40,18,2,0,0,1,1
Case 225,Mallorca,1,3,Sevilla,23,10,1,5,37,35,24,30,7,4,39,33,24,24,15,0,0,1,2
Case 226,Osasuna,1,1,Valladolid,23,10,1,9,29,21,22,15,14,19,19,25,39,12,7,0,0,1,X
Case 227,Zaragoza,1,3,Sporting,23,10,1,17,21,26,44,15,6,13,25,22,26,19,6,0,0,1,2
Case 228,Valencia,2,1,Getafe,23,10,1,3,43,39,21,19,24,8,32,30,28,23,9,0,0,1,1
Case 229,Almería,1,0,At.Madrid,23,10,1,16,23,24,33,16,7,11,27,33,35,18,9,0,0,1,1
Case 230,Barcelona,4,0,Racing,23,10,1,1,55,53,13,28,27,14,25,24,31,9,16,0,0,1,1
Case 231,Xerez,1,1,Espanyol,24,10,1,20,11,13,43,8,3,15,26,17,31,21,5,0,0,1,X
Case 232,Villarreal,1,0,Deportivo,24,10,1,10,29,35,37,24,5,5,38,26,25,23,15,0,0,1,1
Case 233,Tenerife,1,5,R.Madrid,24,10,1,19,20,19,44,18,2,2,56,59,17,36,20,0,0,1,2
Case 234,Sevilla,0,0,Athletic,24,10,1,4,42,36,25,24,18,7,36,32,30,22,14,0,0,1,X
Case 235,Valladolid,1,2,Mallorca,24,10,1,18,20,26,40,12,8,6,37,36,27,30,7,0,0,1,2
Case 236,Sporting,3,2,Osasuna,24,10,1,11,28,25,27,19,9,9,30,22,23,16,14,0,0,1,1
Case 237,Getafe,0,2,Zaragoza,24,10,1,8,32,31,30,23,9,17,21,27,47,15,6,0,0,1,2
Case 238,At.Madrid,4,1,Valencia,24,10,1,13,27,33,36,18,9,3,46,41,22,22,24,0,0,1,1
Case 239,Racing,0,2,Almería,24,10,1,16,25,24,35,9,16,14,26,25,33,19,7,0,0,1,2
Case 240,Barcelona,2,1,Málaga,24,10,1,1,58,57,13,31,27,12,27,28,27,16,11,0,0,1,1
Case 241,Málaga,2,4,Xerez,25,10,1,14,27,29,29,16,11,20,12,14,44,9,3,0,0,1,2
Case 242,Espanyol,0,0,Villarreal,25,10,1,15,27,18,32,21,6,8,32,36,37,27,5,0,0,1,X
Case 243,Deportivo,3,1,Tenerife,25,10,1,6,38,26,26,23,15,19,20,20,49,18,2,0,0,1,1
Case 244,R.Madrid,3,2,Sevilla,25,10,1,2,59,64,18,36,23,4,43,36,25,25,18,0,0,1,1
Case 245,Athletic,2,0,Valladolid,25,10,1,7,37,32,30,22,15,18,20,27,42,12,8,0,0,1,1
Case 246,Mallorca,3,0,Sporting,25,10,1,5,40,38,28,30,10,10,31,28,29,22,9,0,0,1,1
Case 247,Osasuna,0,0,Getafe,25,10,1,12,30,24,26,16,14,9,32,31,32,23,9,0,0,1,X
Case 248,Zaragoza,1,1,At.Madrid,25,10,1,17,24,29,47,15,9,11,30,37,37,21,9,0,0,1,X
Case 249,Valencia,0,0,Racing,25,10,1,3,46,42,26,22,24,16,25,24,37,9,16,0,0,1,X
Case 250,Almería,2,2,Barcelona,25,10,1,13,29,27,33,19,10,1,61,59,14,34,27,0,0,1,X
Case 251,Villarreal,2,0,Xerez,26,10,1,8,33,36,37,27,6,20,15,18,46,9,6,0,0,1,1
Case 252,Tenerife,4,1,Espanyol,26,10,1,19,20,21,52,18,2,14,28,18,32,22,6,0,0,1,1
Case 253,Sevilla,1,1,Deportivo,26,10,1,4,43,38,28,25,18,6,41,29,27,26,15,0,0,1,X
Case 254,Valladolid,1,4,R.Madrid,26,10,1,18,20,27,44,12,8,1,62,67,20,39,23,0,0,1,2
Case 255,Sporting,0,0,Athletic,26,10,1,12,31,28,32,22,9,7,40,34,30,25,15,0,0,1,X
Case 256,Getafe,3,0,Mallorca,26,10,1,9,33,31,32,23,10,5,43,41,28,33,10,0,0,1,1
Case 257,At.Madrid,1,0,Osasuna,26,10,1,10,31,38,38,21,10,11,31,24,26,17,14,0,0,1,1
Case 258,Racing,0,0,Zaragoza,26,10,1,16,26,24,37,9,17,17,25,30,48,16,9,0,0,1,X
Case 259,Barcelona,3,0,Valencia,26,10,1,2,62,61,16,34,28,3,47,42,26,23,24,0,0,1,1
Case 260,Almería,1,0,Málaga,26,10,1,13,30,29,35,20,10,15,27,31,33,16,11,0,0,1,1
Case 261,Espanyol,2,0,Sevilla,27,10,1,14,28,19,36,22,6,4,44,39,29,26,18,0,0,1,1
Case 262,Deportivo,0,2,Valladolid,27,10,1,6,42,30,28,26,16,19,20,28,48,12,8,0,0,1,2
Case 263,R.Madrid,3,1,Sporting,27,10,1,1,65,71,21,39,26,12,32,28,32,23,9,0,0,1,1
Case 264,Athletic,2,2,Getafe,27,10,1,7,41,34,30,25,16,8,36,34,32,26,10,0,0,1,X
Case 265,Mallorca,4,1,At.Madrid,27,10,1,5,43,41,31,33,10,10,34,39,38,24,10,0,0,1,1
Case 266,Osasuna,1,3,Racing,27,10,1,13,31,24,27,17,14,16,27,24,37,10,17,0,0,1,2
Case 267,Zaragoza,2,4,Barcelona,27,10,1,17,26,30,48,16,10,2,65,64,16,37,28,0,0,1,2
Case 268,Valencia,2,0,Almería,27,10,1,3,47,42,29,23,24,11,33,30,35,23,10,0,0,1,1
Case 269,Xerez,2,1,Tenerife,27,10,1,20,15,18,48,9,6,18,23,25,53,21,2,0,0,1,1
Case 270,Málaga,2,0,Villarreal,27,10,1,15,27,31,34,16,11,9,36,38,37,30,6,0,0,1,1
Case 271,Almería,1,0,Zaragoza,28,10,1,11,33,30,37,23,10,17,26,32,52,16,10,0,0,1,1
Case 272,Valencia,1,0,Málaga,28,10,1,3,50,44,29,26,24,15,30,33,34,19,11,0,0,1,1
Case 273,Tenerife,2,2,Villarreal,28,10,1,19,23,26,55,21,2,9,36,38,39,30,6,0,0,1,X
Case 274,Sevilla,1,1,Xerez,28,10,1,5,44,39,31,26,18,20,18,20,49,12,6,0,0,1,X
Case 275,Valladolid,0,0,Espanyol,28,10,1,18,23,30,48,12,11,14,31,21,36,25,6,0,0,1,X
Case 276,Sporting,2,1,Deportivo,28,10,1,12,32,29,35,23,9,7,42,30,30,26,16,0,0,1,1
Case 277,Getafe,2,4,R.Madrid,28,10,1,8,37,36,34,26,11,1,68,74,22,42,26,0,0,1,2
Case 278,At.Madrid,2,0,Athletic,28,10,1,10,34,40,42,24,10,6,42,36,32,26,16,0,0,1,1
Case 279,Racing,0,0,Mallorca,28,10,1,16,30,27,38,10,20,4,46,45,32,36,10,0,0,1,X
Case 280,Barcelona,2,0,Osasuna,28,10,1,2,68,68,18,37,31,13,31,25,30,17,14,0,0,1,1
Case 281,Mallorca,0,1,Barcelona,29,10,1,4,47,45,32,36,11,2,71,70,18,40,31,0,0,1,2
Case 282,Osasuna,1,0,Almería,29,10,1,15,31,25,32,17,14,11,36,31,37,26,10,0,0,1,1
Case 283,Zaragoza,3,0,Valencia,29,10,1,17,26,32,53,16,10,3,53,45,29,29,24,0,0,1,1
Case 284,Málaga,1,1,Tenerife,29,10,1,16,30,33,35,19,11,19,24,28,57,22,2,0,0,1,X
Case 285,Villarreal,3,0,Sevilla,29,10,1,10,37,40,41,30,7,5,45,40,32,27,18,0,0,1,1
Case 286,Xerez,3,0,Valladolid,29,10,1,20,19,21,50,12,7,18,24,30,48,13,11,0,0,1,1
Case 287,Espanyol,0,0,Sporting,29,10,1,13,32,21,36,25,7,12,35,31,36,26,9,0,0,1,X
Case 288,Deportivo,1,3,Getafe,29,10,1,7,42,31,32,26,16,9,37,38,38,26,11,0,0,1,2
Case 289,R.Madrid,3,2,At.Madrid,29,10,1,1,71,78,24,42,29,8,37,42,42,27,10,0,0,1,1
Case 290,Athletic,4,3,Racing,29,10,1,6,42,36,34,26,16,14,31,27,38,11,20,0,0,1,1
Case 291,Sevilla,3,0,Tenerife,30,10,1,5,45,40,35,27,18,18,25,29,58,22,3,0,0,1,1
Case 292,Valladolid,0,2,Villarreal,30,10,1,19,24,30,51,13,11,8,40,43,41,33,7,0,0,1,2
Case 293,Sporting,2,2,Xerez,30,10,1,12,36,31,36,26,10,20,22,24,50,15,7,0,0,1,X
Case 294,Getafe,1,1,Espanyol,30,10,1,9,40,41,39,26,14,14,33,21,36,26,7,0,0,1,X
Case 295,At.Madrid,3,0,Deportivo,30,10,1,10,37,44,45,27,10,7,42,32,35,26,16,0,0,1,1
Case 296,Racing,0,2,R.Madrid,30,10,1,16,31,30,42,11,20,1,74,81,26,45,29,0,0,1,2
Case 297,Barcelona,4,1,Athletic,30,10,1,2,74,71,18,40,34,6,45,40,37,29,16,0,0,1,1
Case 298,Almería,1,1,Mallorca,30,10,1,11,36,31,38,26,10,4,47,45,33,36,11,0,0,1,X
Case 299,Valencia,3,0,Osasuna,30,10,1,3,53,45,32,29,24,13,34,26,32,20,14,0,0,1,1
Case 300,Zaragoza,2,0,Málaga,30,10,1,17,29,35,53,19,10,15,31,34,36,20,11,0,0,1,1
Case 301,Málaga,1,2,Sevilla,31,10,1,16,31,34,38,20,11,4,48,43,35,30,18,0,0,1,2
Case 302,Tenerife,0,0,Valladolid,31,10,1,18,25,29,61,22,3,19,24,30,53,13,11,0,0,1,X
Case 303,Villarreal,1,0,Sporting,31,10,1,7,43,45,41,33,10,12,37,33,38,27,10,0,0,1,1
Case 304,Xerez,0,1,Getafe,31,10,1,20,23,26,52,15,8,9,41,42,40,27,14,0,0,1,2
Case 305,Espanyol,3,0,At.Madrid,31,10,1,14,34,22,37,26,8,10,40,47,45,30,10,0,0,1,1
Case 306,Deportivo,1,1,Racing,31,10,1,8,42,32,38,26,16,17,31,30,44,11,20,0,0,1,X
Case 307,R.Madrid,0,2,Barcelona,31,10,1,1,77,83,26,45,32,2,77,75,19,43,34,0,0,1,2
Case 308,Athletic,4,1,Almería,31,10,1,6,45,41,41,29,16,11,37,32,39,27,10,0,0,1,1
Case 309,Mallorca,3,2,Valencia,31,10,1,5,48,46,34,36,12,3,56,48,32,32,24,0,0,1,1
Case 310,Osasuna,2,0,Zaragoza,31,10,1,13,34,26,35,20,14,15,32,37,53,22,10,0,0,1,1
Case 311,Valladolid,2,1,Sevilla,32,10,1,19,25,30,53,13,12,4,51,45,36,30,21,0,0,1,1
Case 312,Sporting,0,2,Tenerife,32,10,1,11,37,33,39,27,10,18,26,29,61,23,3,0,0,1,2
Case 313,Getafe,3,0,Villarreal,32,10,1,8,44,43,40,27,17,7,46,46,41,36,10,0,0,1,1
Case 314,At.Madrid,1,2,Xerez,32,10,1,10,40,47,48,30,10,20,23,26,53,15,8,0,0,1,2
Case 315,Racing,3,1,Espanyol,32,10,1,15,32,31,45,11,21,14,37,25,37,29,8,0,0,1,1
Case 316,Barcelona,3,0,Deportivo,32,10,1,1,80,77,19,43,37,9,43,33,39,27,16,0,0,1,1
Case 317,Almería,1,2,R.Madrid,32,10,1,13,37,33,43,27,10,2,77,83,28,45,32,0,0,1,2
Case 318,Valencia,2,0,Athletic,32,10,1,3,56,50,35,32,24,6,48,45,42,32,16,0,0,1,1
Case 319,Zaragoza,1,1,Mallorca,32,10,1,16,32,37,55,22,10,5,51,49,36,39,12,0,0,1,X
Case 320,Osasuna,2,2,Málaga,32,10,1,12,37,28,35,23,14,17,31,35,40,20,11,0,0,1,X
Case 321,Málaga,0,0,Valladolid,33,10,1,17,32,37,42,20,12,19,28,32,54,16,12,0,0,1,X
Case 322,Sevilla,3,0,Sporting,33,10,1,5,51,46,38,30,21,12,37,33,41,27,10,0,0,1,1
Case 323,Tenerife,3,2,Getafe,33,10,1,18,29,31,61,23,6,7,47,46,40,30,17,0,0,1,1
Case 324,Villarreal,2,1,At.Madrid,33,10,1,8,46,46,44,36,10,10,40,48,50,30,10,0,0,1,1
Case 325,Xerez,2,2,Racing,33,10,1,20,26,28,54,15,11,15,35,34,46,14,21,0,0,1,X
Case 326,Espanyol,0,0,Barcelona,33,10,1,14,37,26,40,29,8,1,83,80,19,46,37,0,0,1,X
Case 327,Deportivo,0,0,Almería,33,10,1,9,43,33,42,27,16,13,37,34,45,27,10,0,0,1,X
Case 328,R.Madrid,2,0,Valencia,33,10,1,2,80,85,29,45,35,3,59,52,35,35,24,0,0,1,1
Case 329,Athletic,0,0,Zaragoza,33,10,1,6,48,45,44,32,16,16,33,38,56,23,10,0,0,1,X
Case 330,Mallorca,2,0,Osasuna,33,10,1,4,52,50,37,39,13,11,38,30,37,24,14,0,0,1,1
Case 331,Sporting,0,2,Valladolid,34,10,1,14,37,33,44,27,10,19,29,32,54,16,13,0,0,1,2
Case 332,Getafe,4,3,Sevilla,34,10,1,8,47,48,43,30,17,5,54,49,38,33,21,0,0,1,1
Case 333,At.Madrid,3,1,Tenerife,34,10,1,10,40,49,52,30,10,18,32,34,63,26,6,0,0,1,1
Case 334,Racing,1,2,Villarreal,34,10,1,15,36,36,48,14,22,6,49,48,45,39,10,0,0,1,2
Case 335,Barcelona,3,1,Xerez,34,10,1,1,84,80,19,46,38,20,27,30,56,16,11,0,0,1,1
Case 336,Almería,0,1,Espanyol,34,10,1,12,38,34,45,27,11,13,38,26,40,30,8,0,0,1,2
Case 337,Valencia,1,0,Deportivo,34,10,1,3,59,52,37,35,24,9,44,33,42,28,16,0,0,1,1
Case 338,Zaragoza,1,2,R.Madrid,34,10,1,16,34,38,56,23,11,2,83,87,29,48,35,0,0,1,2
Case 339,Osasuna,0,0,Athletic,34,10,1,11,38,30,39,24,14,7,49,45,44,33,16,0,0,1,X
Case 340,Mallorca,1,1,Málaga,34,10,1,4,55,52,37,42,13,17,33,37,42,21,12,0,0,1,X
Case 341,Málaga,1,1,Sporting,35,10,1,17,34,38,43,21,13,14,37,33,46,27,10,0,0,1,X
Case 342,Valladolid,0,0,Getafe,35,10,1,18,32,34,54,16,16,7,50,52,46,33,17,0,0,1,X
Case 343,Sevilla,3,1,At.Madrid,35,10,1,5,54,52,42,33,21,10,43,52,53,33,10,0,0,1,1
Case 344,Tenerife,2,1,Racing,35,10,1,19,32,35,66,26,6,15,36,37,50,14,22,0,0,1,1
Case 345,Villarreal,1,4,Barcelona,35,10,1,6,52,50,46,39,13,1,87,83,20,49,38,0,0,1,2
Case 346,Xerez,2,1,Almería,35,10,1,20,27,31,59,16,11,13,38,34,46,27,11,0,0,1,1
Case 347,Espanyol,0,2,Valencia,35,10,1,11,41,27,40,30,11,3,62,53,37,38,24,0,0,1,2
Case 348,Deportivo,0,1,Zaragoza,35,10,1,9,44,33,43,28,16,16,34,39,58,23,11,0,0,1,2
Case 349,R.Madrid,3,2,Osasuna,35,10,1,2,86,89,30,48,38,12,39,30,39,25,14,0,0,1,1
Case 350,Athletic,1,3,Mallorca,35,10,1,8,50,45,44,33,17,4,56,53,38,43,13,0,0,1,2
Case 351,Getafe,1,1,Sporting,36,10,1,7,51,52,46,33,18,14,38,34,47,27,11,0,0,1,X
Case 352,At.Madrid,3,1,Valladolid,36,10,1,10,43,53,56,33,10,19,33,34,54,17,16,0,0,1,1
Case 353,Racing,1,5,Sevilla,36,10,1,16,36,38,52,14,22,5,57,55,43,36,21,0,0,1,2
Case 354,Barcelona,4,1,Tenerife,36,10,1,1,90,87,21,49,41,18,35,37,67,29,6,0,0,1,1
Case 355,Almería,4,2,Villarreal,36,10,1,13,38,35,48,27,11,6,52,51,50,39,13,0,0,1,1
Case 356,Valencia,3,1,Xerez,36,10,1,3,65,55,37,38,27,20,30,33,60,19,11,0,0,1,1
Case 357,Zaragoza,1,0,Espanyol,36,10,1,15,37,40,58,23,14,11,41,27,42,30,11,0,0,1,1
Case 358,Osasuna,3,1,Deportivo,36,10,1,12,39,32,42,25,14,9,44,33,44,28,16,0,0,1,1
Case 359,Mallorca,1,4,R.Madrid,36,10,1,4,59,56,39,43,16,2,89,92,32,51,38,0,0,1,2
Case 360,Athletic,1,1,Málaga,36,10,1,8,50,46,47,33,17,17,35,39,44,22,13,0,0,1,X
Case 361,Getafe,2,1,Málaga,37,10,1,6,52,53,47,34,18,16,36,40,45,22,14,0,0,1,1
Case 362,Sporting,1,1,At.Madrid,37,10,1,15,39,35,48,27,12,9,46,56,57,36,10,0,0,1,X
Case 363,Valladolid,2,1,Racing,37,10,1,19,33,35,57,17,16,17,36,39,57,14,22,0,0,1,1
Case 364,Sevilla,2,3,Barcelona,37,10,1,4,60,60,44,36,24,1,93,91,22,52,41,0,0,1,2
Case 365,Tenerife,2,2,Almería,37,10,1,18,35,38,71,29,6,13,41,39,50,30,11,0,0,1,X
Case 366,Villarreal,2,0,Valencia,37,10,1,7,52,53,54,39,13,3,68,58,38,41,27,0,0,1,1
Case 367,Xerez,3,2,Zaragoza,37,10,1,20,30,34,63,19,11,14,40,41,58,26,14,0,0,1,1
Case 368,Espanyol,2,1,Osasuna,37,10,1,12,41,27,43,30,11,11,42,35,43,28,14,0,0,1,1
Case 369,Deportivo,1,0,Mallorca,37,10,1,10,44,34,47,28,16,5,59,57,43,43,16,0,0,1,1
Case 370,R.Madrid,5,1,Athletic,37,10,1,2,92,96,33,51,41,8,51,47,48,34,17,0,0,1,1
Case 371,At.Madrid,0,3,Getafe,38,10,1,9,47,57,58,36,11,6,55,55,48,37,18,0,0,1,2
Case 372,Racing,2,0,Sporting,38,10,1,17,36,40,59,14,22,14,40,36,49,28,12,0,0,1,1
Case 373,Barcelona,4,0,Valladolid,38,10,1,1,96,94,24,52,44,16,36,37,58,20,16,0,0,1,1
Case 374,Almería,2,3,Sevilla,38,10,1,12,42,41,52,30,12,4,60,62,47,36,24,0,0,1,2
Case 375,Valencia,1,0,Tenerife,38,10,1,3,68,58,40,41,27,19,36,40,73,30,6,0,0,1,1
Case 376,Zaragoza,3,3,Villarreal,38,10,1,15,40,43,61,26,14,7,55,55,54,42,13,0,0,1,X
Case 377,Osasuna,1,1,Xerez,38,10,1,13,42,36,45,28,14,20,33,37,65,22,11,0,0,1,X
Case 378,Mallorca,2,0,Espanyol,38,10,1,5,59,57,44,43,16,11,44,29,44,33,11,0,0,1,1
Case 379,Athletic,2,0,Deportivo,38,10,1,8,51,48,53,34,17,10,47,35,47,31,16,0,0,1,1
Case 380,Málaga,1,1,R.Madrid,38,10,1,18,36,41,47,22,14,2,95,101,34,54,41,0,0,1,X

Case 843,Espanyol,1,0,Valladolid,1,09,1,0,0,0,0,0,0,0,0,0,0,0,0,0,0,1,1
Case 844,Valencia,3,0,Mallorca,1,09,1,0,0,0,0,0,0,0,0,0,0,0,0,0,0,1,1
Case 845,Athletic,1,3,Almería,1,09,1,0,0,0,0,0,0,0,0,0,0,0,0,0,0,1,2
Case 846,At.Madrid,4,0,Málaga,1,09,1,0,0,0,0,0,0,0,0,0,0,0,0,0,0,1,1
Case 847,Betis,0,1,Recreativo,1,09,1,0,0,0,0,0,0,0,0,0,0,0,0,0,0,1,2
Case 848,Deportivo,2,1,R.Madrid,1,09,1,0,0,0,0,0,0,0,0,0,0,0,0,0,0,1,1
Case 849,Sporting,1,2,Getafe,1,09,1,0,0,0,0,0,0,0,0,0,0,0,0,0,0,1,2
Case 850,Numancia,1,0,Barcelona,1,09,1,0,0,0,0,0,0,0,0,0,0,0,0,0,0,1,1
Case 851,Osasuna,1,1,Villarreal,1,09,1,0,0,0,0,0,0,0,0,0,0,0,0,0,0,1,X
Case 852,Racing,1,1,Sevilla,1,09,1,0,0,0,0,0,0,0,0,0,0,0,0,0,0,1,X
Case 853,Barcelona,1,1,Racing,2,09,1,17,0,0,1,0,0,11,1,1,1,1,0,0,0,1,X
Case 854,Sevilla,4,3,Sporting,2,09,1,12,1,1,1,0,1,14,0,1,2,0,0,0,0,1,1
Case 855,Valladolid,2,1,At.Madrid,2,09,1,15,0,0,1,0,0,1,3,4,0,3,0,0,0,1,1
Case 856,Getafe,0,0,Betis,2,09,1,4,3,2,1,0,3,16,0,0,1,0,0,0,0,1,X
Case 857,Recreativo,0,1,Espanyol,2,09,1,7,3,1,0,0,3,6,3,1,0,3,0,0,0,1,2
Case 858,Málaga,0,0,Athletic,2,09,1,20,0,0,4,0,0,18,0,1,3,0,0,0,0,1,X
Case 859,Mallorca,1,1,Osasuna,2,09,1,19,0,0,3,0,0,10,1,1,1,1,0,0,0,1,X
Case 860,R.Madrid,4,3,Numancia,2,09,1,13,0,1,2,0,0,8,3,1,0,3,0,0,0,1,1
Case 861,Almería,2,2,Valencia,2,09,1,3,3,3,1,0,3,2,3,3,0,3,0,0,0,1,X
Case 862,Villarreal,1,0,Deportivo,2,09,1,9,1,1,1,0,1,5,3,2,1,3,0,0,0,1,1
Case 863,At.Madrid,4,0,Recreativo,3,09,1,7,3,5,2,3,0,12,3,1,1,0,3,0,0,1,1
Case 864,Espanyol,1,1,Getafe,3,09,1,1,6,2,0,3,3,5,4,2,1,1,3,0,0,1,X
Case 865,Athletic,2,0,Valladolid,3,09,1,17,1,1,3,0,1,11,3,2,2,3,0,0,0,1,1
Case 866,Betis,0,0,Sevilla,3,09,1,16,1,0,1,0,1,4,4,5,4,3,1,0,0,1,X
Case 867,Deportivo,0,0,Mallorca,3,09,1,10,3,2,2,3,0,18,1,1,4,1,0,0,0,1,X
Case 868,Sporting,1,6,Barcelona,3,09,1,20,0,4,6,0,0,15,1,1,2,1,0,0,0,1,2
Case 869,Numancia,1,2,Villarreal,3,09,1,9,3,4,4,3,0,6,4,2,1,3,1,0,0,1,2
Case 870,Racing,0,2,R.Madrid,3,09,1,14,2,2,2,1,1,8,3,5,5,3,0,0,0,1,2
Case 871,Almería,1,0,Málaga,3,09,1,3,4,5,3,1,3,19,1,0,4,1,0,0,0,1,1
Case 872,Valencia,1,0,Osasuna,3,09,1,2,4,5,2,3,1,13,2,2,2,1,1,0,0,1,1
Case 873,Barcelona,3,2,Betis,4,09,1,9,4,7,3,1,3,16,2,0,1,1,1,0,0,1,1
Case 874,Getafe,1,2,At.Madrid,4,09,1,8,5,3,2,1,4,5,6,9,2,6,0,0,0,1,2
Case 875,Osasuna,0,0,Deportivo,4,09,1,15,2,2,3,1,1,11,4,2,2,4,0,0,0,1,X
Case 876,R.Madrid,7,1,Sporting,4,09,1,6,6,7,5,3,3,20,0,5,12,0,0,0,0,1,1
Case 877,Sevilla,2,0,Espanyol,4,09,1,7,5,5,4,3,2,4,7,3,1,4,3,0,0,1,1
Case 878,Villarreal,2,0,Racing,4,09,1,3,7,4,2,3,4,17,2,2,4,1,1,0,0,1,1
Case 879,Recreativo,1,1,Athletic,4,09,1,14,3,1,5,0,3,10,4,3,3,3,1,0,0,1,X
Case 880,Málaga,0,2,Valencia,4,09,1,19,1,0,5,1,0,1,7,6,2,6,1,0,0,1,2
Case 881,Mallorca,2,0,Numancia,4,09,1,18,2,1,4,1,1,12,3,5,6,3,0,0,0,1,1
Case 882,Valladolid,2,0,Almería,4,09,1,13,3,2,4,3,0,2,7,6,3,4,3,0,0,1,1
Case 883,Betis,1,2,R.Madrid,5,09,1,17,2,2,4,1,1,3,9,14,6,6,3,0,0,1,2
Case 884,Espanyol,1,2,Barcelona,5,09,1,8,7,3,3,4,3,6,7,10,5,4,3,0,0,1,2
Case 885,Sporting,0,1,Villarreal,5,09,1,20,0,6,19,0,0,2,10,6,2,6,4,0,0,1,2
Case 886,Athletic,0,1,Getafe,5,09,1,10,5,4,4,3,2,11,5,4,4,1,4,0,0,1,2
Case 887,At.Madrid,0,1,Sevilla,5,09,1,4,9,11,3,6,3,5,8,7,4,6,2,0,0,1,2
Case 888,Málaga,2,1,Valladolid,5,09,1,19,1,0,7,1,0,9,6,4,4,6,0,0,0,1,1
Case 889,Numancia,0,0,Osasuna,5,09,1,16,3,5,8,3,0,15,3,2,3,2,1,0,0,1,X
Case 890,Racing,1,2,Mallorca,5,09,1,18,2,2,6,1,1,13,5,3,4,4,1,0,0,1,2
Case 891,Almería,1,0,Recreativo,5,09,1,7,7,6,5,4,3,14,4,2,6,1,3,0,0,1,1
Case 892,Valencia,4,2,Deportivo,5,09,1,1,10,8,2,6,4,12,5,2,2,4,1,0,0,1,1
Case 893,Barcelona,6,1,At.Madrid,6,09,1,5,10,12,6,4,6,7,9,11,4,6,3,0,0,1,1
Case 894,Villarreal,2,1,Betis,6,09,1,2,13,7,2,6,7,18,2,3,6,1,1,0,0,1,1
Case 895,Deportivo,1,0,Numancia,6,09,1,13,5,4,6,4,1,15,4,5,8,4,0,0,0,1,1
Case 896,Getafe,2,2,Almería,6,09,1,8,8,5,4,1,7,6,10,7,5,7,3,0,0,1,X
Case 897,Recreativo,0,4,Málaga,6,09,1,16,4,2,7,1,3,17,4,2,8,4,0,0,0,1,2
Case 898,Mallorca,0,2,Sporting,6,09,1,9,8,5,5,4,4,20,0,6,20,0,0,0,0,1,2
Case 899,Osasuna,0,1,Racing,6,09,1,14,4,2,3,2,2,19,2,3,8,1,1,0,0,1,2
Case 900,R.Madrid,2,2,Espanyol,6,09,1,3,12,16,7,6,6,10,7,4,5,4,3,0,0,1,X
Case 901,Sevilla,4,0,Athletic,6,09,1,4,11,8,4,6,5,12,5,4,5,3,2,0,0,1,1
Case 902,Valladolid,0,1,Valencia,6,09,1,11,6,5,6,6,0,1,13,12,4,9,4,0,0,1,2
Case 903,At.Madrid,1,2,R.Madrid,7,09,1,7,9,12,10,6,3,5,13,18,9,7,6,0,0,1,2
Case 904,Espanyol,0,0,Villarreal,7,09,1,9,8,6,7,4,4,2,16,9,3,9,7,0,0,1,X
Case 905,Athletic,0,1,Barcelona,7,09,1,15,5,4,9,3,2,4,13,18,7,7,6,0,0,1,2
Case 906,Betis,3,0,Mallorca,7,09,1,20,2,4,8,1,1,11,8,5,7,4,4,0,0,1,1
Case 907,Sporting,2,1,Osasuna,7,09,1,19,3,8,20,0,3,16,4,2,4,2,2,0,0,1,1
Case 908,Málaga,2,1,Getafe,7,09,1,12,7,6,8,4,3,8,9,7,6,2,7,0,0,1,1
Case 909,Racing,0,0,Deportivo,7,09,1,14,5,4,8,1,4,10,8,5,6,7,1,0,0,1,X
Case 910,Almería,0,1,Sevilla,7,09,1,6,11,9,7,7,4,3,14,12,4,9,5,0,0,1,2
Case 911,Valencia,4,0,Numancia,7,09,1,1,16,13,4,9,7,17,4,5,9,4,0,0,0,1,1
Case 912,Valladolid,1,1,Recreativo,7,09,1,13,6,5,7,6,0,18,4,2,11,1,3,0,0,1,X
Case 913,Barcelona,5,0,Almería,8,09,1,4,16,19,7,7,9,6,11,9,8,7,4,0,0,1,1
Case 914,Osasuna,0,2,Betis,8,09,1,19,4,3,6,2,2,16,5,7,8,4,1,0,0,1,2
Case 915,Deportivo,0,3,Sporting,8,09,1,11,9,5,6,7,2,15,6,10,21,3,3,0,0,1,2
Case 916,Getafe,1,0,Valladolid,8,09,1,9,9,8,8,2,7,13,7,6,8,7,0,0,0,1,1
Case 917,Recreativo,1,1,Valencia,8,09,1,18,5,3,12,1,4,1,19,17,4,12,7,0,0,1,X
Case 918,Mallorca,3,0,Espanyol,8,09,1,12,8,5,10,4,4,10,9,6,7,5,4,0,0,1,1
Case 919,Numancia,2,1,Racing,8,09,1,20,4,5,13,4,0,14,6,4,8,2,4,0,0,1,1
Case 920,R.Madrid,3,2,Athletic,8,09,1,5,16,20,10,7,9,17,5,4,10,3,2,0,0,1,1
Case 921,Sevilla,0,1,Málaga,8,09,1,2,17,13,4,9,8,7,10,8,9,7,3,0,0,1,2
Case 922,Villarreal,4,4,At.Madrid,8,09,1,3,17,9,3,9,8,8,9,13,12,6,3,0,0,1,X
Case 923,Athletic,1,4,Villarreal,9,09,1,19,5,6,13,3,2,4,18,13,7,10,8,0,0,1,2
Case 924,At.Madrid,2,0,Mallorca,9,09,1,10,10,17,16,6,4,8,11,8,10,7,4,0,0,1,1
Case 925,Málaga,1,4,Barcelona,9,09,1,6,13,9,9,7,6,2,19,24,7,10,9,0,0,1,2
Case 926,Valencia,2,4,Racing,9,09,1,1,20,18,5,12,8,17,6,5,10,2,4,0,0,1,2
Case 927,Betis,0,3,Deportivo,9,09,1,14,8,9,8,4,4,12,9,5,9,7,2,0,0,1,2
Case 928,Espanyol,1,0,Osasuna,9,09,1,11,9,6,10,5,4,20,4,3,8,2,2,0,0,1,1
Case 929,Sporting,3,1,Numancia,9,09,1,13,9,13,21,3,6,16,7,7,14,7,0,0,0,1,1
Case 930,Recreativo,1,1,Getafe,9,09,1,18,6,4,13,2,4,7,12,9,8,5,7,0,0,1,X
Case 931,Almería,1,1,R.Madrid,9,09,1,9,11,9,13,7,4,3,19,23,12,10,9,0,0,1,X
Case 932,Valladolid,3,2,Sevilla,9,09,1,15,7,6,9,7,0,5,17,13,5,9,8,0,0,1,1
Case 933,Barcelona,6,0,Valladolid,10,09,1,1,22,28,8,10,12,14,10,9,11,10,0,0,0,1,1
Case 934,R.Madrid,4,3,Málaga,10,09,1,3,20,24,13,10,10,8,13,10,13,7,6,0,0,1,1
Case 935,Deportivo,1,0,Espanyol,10,09,1,9,12,8,9,7,5,10,12,7,10,8,4,0,0,1,1
Case 936,Getafe,0,3,Valencia,10,09,1,7,13,10,9,5,8,4,20,20,9,12,8,0,0,1,2
Case 937,Mallorca,3,3,Athletic,10,09,1,13,11,8,12,7,4,19,5,7,17,3,2,0,0,1,X
Case 938,Numancia,2,4,Betis,10,09,1,17,7,8,17,7,0,16,8,9,11,4,4,0,0,1,2
Case 939,Osasuna,0,0,At.Madrid,10,09,1,20,4,3,9,2,2,6,13,19,16,9,4,0,0,1,X
Case 940,Racing,1,0,Sporting,10,09,1,15,9,9,12,2,7,12,12,16,22,6,6,0,0,1,1
Case 941,Sevilla,1,0,Recreativo,10,09,1,5,17,15,8,9,8,18,7,5,14,3,4,0,0,1,1
Case 942,Villarreal,2,1,Almería,10,09,1,2,21,17,8,10,11,11,12,10,14,8,4,0,0,1,1
Case 943,Valencia,2,3,Sporting,11,09,1,3,23,23,9,12,11,14,12,16,23,6,6,0,0,1,2
Case 944,Valladolid,1,0,R.Madrid,11,09,1,16,10,9,17,10,0,4,23,28,16,13,10,0,0,1,1
Case 945,Athletic,2,0,Osasuna,11,09,1,19,6,10,20,3,3,20,5,3,9,3,2,0,0,1,1
Case 946,At.Madrid,4,1,Deportivo,11,09,1,7,14,19,16,9,5,6,15,9,9,10,5,0,0,1,1
Case 947,Betis,3,1,Racing,11,09,1,15,11,13,13,4,7,10,12,10,12,5,7,0,0,1,1
Case 948,Espanyol,3,4,Numancia,11,09,1,12,12,7,11,8,4,18,7,10,21,7,0,0,0,1,2
Case 949,Getafe,0,2,Sevilla,11,09,1,8,13,10,12,5,8,5,20,16,8,12,8,0,0,1,2
Case 950,Recreativo,0,2,Barcelona,11,09,1,17,7,5,15,3,4,1,25,34,8,13,12,0,0,1,2
Case 951,Málaga,2,2,Villarreal,11,09,1,9,13,13,17,7,6,2,24,19,9,13,11,0,0,1,X
Case 952,Almería,2,1,Mallorca,11,09,1,13,12,11,16,8,4,11,12,11,15,8,4,0,0,1,1
Case 953,R.Madrid,1,0,Recreativo,12,09,1,4,23,28,17,13,10,19,7,5,17,3,4,0,0,1,1
Case 954,Sevilla,0,0,Valencia,12,09,1,5,23,18,8,12,11,3,23,25,12,12,11,0,0,1,X
Case 955,Villarreal,0,3,Valladolid,12,09,1,2,25,21,11,13,12,13,13,10,17,13,0,0,0,1,2
Case 956,Barcelona,1,1,Getafe,12,09,1,1,28,36,8,13,15,12,13,10,14,5,8,0,0,1,X
Case 957,Deportivo,3,1,Athletic,12,09,1,7,15,10,13,10,5,18,9,12,20,6,3,0,0,1,1
Case 958,Sporting,1,2,Betis,12,09,1,9,15,19,25,6,9,10,14,16,14,7,7,0,0,1,2
Case 959,Mallorca,2,2,Málaga,12,09,1,15,12,12,17,8,4,11,14,15,19,8,6,0,0,1,X
Case 960,Numancia,1,1,At.Madrid,12,09,1,17,10,14,24,7,3,6,17,23,17,12,5,0,0,1,X
Case 961,Osasuna,3,1,Almería,12,09,1,20,5,3,11,3,2,8,15,13,17,11,4,0,0,1,1
Case 962,Racing,3,0,Espanyol,12,09,1,14,12,11,15,5,7,16,12,10,15,8,4,0,0,1,1
Case 963,Getafe,3,1,R.Madrid,13,09,1,1,29,37,9,14,15,4,24,25,12,12,12,0,0,1,1
Case 964,Sevilla,0,3,Barcelona,13,09,1,13,15,20,27,6,9,6,18,24,18,12,6,0,0,1,2
Case 965,Athletic,2,0,Numancia,13,09,1,3,25,21,14,13,12,14,14,11,15,5,9,0,0,1,1
Case 966,At.Madrid,4,1,Racing,13,09,1,8,17,18,15,7,10,16,12,10,18,8,4,0,0,1,1
Case 967,Espanyol,0,1,Sporting,13,09,1,7,18,13,14,13,5,11,15,17,21,8,7,0,0,1,2
Case 968,Recreativo,1,2,Villarreal,13,09,1,15,13,14,19,9,4,20,7,5,18,3,4,0,0,1,2
Case 969,Málaga,4,2,Osasuna,13,09,1,17,11,15,25,8,3,12,15,14,20,11,4,0,0,1,1
Case 970,Almería,0,1,Deportivo,13,09,1,19,8,6,12,6,2,9,16,13,17,13,3,0,0,1,2
Case 971,Valencia,3,2,Betis,13,09,1,10,15,14,15,8,7,18,9,13,23,6,3,0,0,1,1
Case 972,Valladolid,3,0,Mallorca,13,09,1,2,26,29,17,16,10,5,24,18,8,13,11,0,0,1,1
Case 973,Barcelona,4,0,Valencia,14,09,1,1,32,40,9,14,18,3,27,28,14,15,12,0,0,1,1
Case 974,Sporting,2,5,At.Madrid,14,09,1,10,18,21,27,6,12,6,21,28,19,15,6,0,0,1,2
Case 975,Villarreal,3,3,Getafe,14,09,1,2,28,23,15,13,15,12,17,14,16,8,9,0,0,1,X
Case 976,Betis,1,1,Espanyol,14,09,1,11,17,20,18,7,10,17,12,10,19,8,4,0,0,1,X
Case 977,Deportivo,2,0,Málaga,14,09,1,7,21,14,14,13,8,9,18,21,23,11,7,0,0,1,1
Case 978,Mallorca,2,3,Recreativo,14,09,1,15,13,14,22,9,4,20,7,6,20,3,4,0,0,1,2
Case 979,Numancia,2,1,Almería,14,09,1,18,11,15,27,8,3,14,15,14,21,11,4,0,0,1,1
Case 980,Osasuna,3,3,Valladolid,14,09,1,19,8,8,16,6,2,8,19,16,17,16,3,0,0,1,X
Case 981,Racing,1,1,Athletic,14,09,1,13,15,15,19,8,7,16,12,15,23,9,3,0,0,1,X
Case 982,R.Madrid,3,4,Sevilla,14,09,1,4,26,30,20,16,10,5,24,18,11,13,11,0,0,1,2
Case 983,Barcelona,2,0,R.Madrid,15,09,1,1,35,44,9,17,18,5,26,33,24,16,10,0,0,1,1
Case 984,Valencia,2,1,Espanyol,15,09,1,3,27,28,18,15,12,18,13,11,20,8,5,0,0,1,1
Case 985,Athletic,3,0,Sporting,15,09,1,16,13,16,24,9,4,12,18,23,32,6,12,0,0,1,1
Case 986,At.Madrid,2,0,Betis,15,09,1,6,24,33,21,15,9,9,18,21,19,8,10,0,0,1,1
Case 987,Getafe,4,1,Mallorca,15,09,1,10,18,17,19,8,10,17,13,16,25,9,4,0,0,1,1
Case 988,Recreativo,1,0,Osasuna,15,09,1,19,10,9,22,3,7,20,9,11,19,7,2,0,0,1,1
Case 989,Málaga,2,0,Numancia,15,09,1,11,18,21,25,11,7,15,14,17,28,11,3,0,0,1,1
Case 990,Sevilla,1,0,Villarreal,15,09,1,4,27,22,14,13,14,2,29,26,18,14,15,0,0,1,1
Case 991,Almería,1,1,Racing,15,09,1,14,15,15,23,11,4,13,16,16,20,9,7,0,0,1,X
Case 992,Valladolid,3,0,Deportivo,15,09,1,8,20,19,20,16,4,7,24,16,14,16,8,0,0,1,1
Case 993,Espanyol,2,3,At.Madrid,16,09,1,17,13,12,22,8,5,5,27,35,21,18,9,0,0,1,2
Case 994,R.Madrid,1,0,Valencia,16,09,1,6,26,33,26,16,10,2,30,30,19,18,12,0,0,1,1
Case 995,Betis,0,1,Athletic,16,09,1,11,18,21,21,8,10,14,16,19,24,12,4,0,0,1,2
Case 996,Deportivo,4,1,Recreativo,16,09,1,7,24,16,17,16,8,19,13,10,22,6,7,0,0,1,1
Case 997,Sporting,1,0,Almería,16,09,1,12,18,23,35,6,12,15,16,16,24,12,4,0,0,1,1
Case 998,Mallorca,0,0,Sevilla,16,09,1,18,13,17,29,9,4,3,30,23,14,16,14,0,0,1,X
Case 999,Numancia,4,3,Valladolid,16,09,1,16,14,17,30,11,3,8,23,22,20,19,4,0,0,1,1
Case 1000,Osasuna,5,2,Getafe,16,09,1,20,9,11,20,7,2,9,21,21,20,11,10,0,0,1,1
Case 1001,Racing,1,1,Málaga,16,09,1,13,17,17,21,9,8,10,21,23,25,14,7,0,0,1,X
Case 1002,Villarreal,1,2,Barcelona,16,09,1,4,29,26,19,14,15,1,38,46,9,20,18,0,0,1,2
Case 1003,Barcelona,3,1,Mallorca,17,09,1,1,41,48,10,20,21,17,14,17,29,10,4,0,0,1,1
Case 1004,Valencia,3,1,At.Madrid,17,09,1,4,30,30,20,18,12,3,30,38,23,18,12,0,0,1,1
Case 1005,Athletic,1,1,Espanyol,17,09,1,12,19,20,24,12,7,18,13,14,25,8,5,0,0,1,X
Case 1006,Getafe,1,2,Deportivo,17,09,1,10,21,23,25,11,10,7,27,20,18,19,8,0,0,1,2
Case 1007,Recreativo,3,1,Numancia,17,09,1,19,13,11,26,6,7,15,17,21,33,14,3,0,0,1,1
Case 1008,Málaga,1,0,Sporting,17,09,1,9,22,24,26,14,8,11,21,24,35,9,12,0,0,1,1
Case 1009,R.Madrid,1,0,Villarreal,17,09,1,5,29,34,26,19,10,6,29,27,21,14,15,0,0,1,1
Case 1010,Sevilla,1,1,Osasuna,17,09,1,2,31,23,14,16,15,20,12,16,22,10,2,0,0,1,X
Case 1011,Almería,1,0,Betis,17,09,1,16,16,16,25,12,4,13,18,21,22,8,10,0,0,1,1
Case 1012,Valladolid,0,1,Racing,17,09,1,8,23,25,24,19,4,14,18,18,22,10,8,0,0,1,2
Case 1013,Deportivo,1,3,Sevilla,18,09,1,6,30,22,19,19,11,4,32,24,15,17,15,0,0,1,2
Case 1014,Valencia,3,3,Villarreal,18,09,1,2,33,33,21,21,12,7,29,27,22,14,15,0,0,1,X
Case 1015,At.Madrid,2,3,Athletic,18,09,1,5,30,39,26,18,12,13,20,21,25,13,7,0,0,1,2
Case 1016,Betis,1,2,Málaga,18,09,1,15,18,21,23,8,10,8,25,25,26,17,8,0,0,1,2
Case 1017,Espanyol,2,2,Almería,18,09,1,18,14,15,26,8,6,14,19,17,25,15,4,0,0,1,X
Case 1018,Sporting,2,1,Valladolid,18,09,1,12,21,24,36,9,12,9,23,25,25,19,4,0,0,1,1
Case 1019,Mallorca,0,3,R.Madrid,18,09,1,19,14,18,32,10,4,3,32,35,26,22,10,0,0,1,2
Case 1020,Numancia,2,0,Getafe,18,09,1,16,17,22,36,14,3,10,21,24,27,11,10,0,0,1,1
Case 1021,Osasuna,2,3,Barcelona,18,09,1,20,13,17,23,10,3,1,44,51,11,23,21,0,0,1,2
Case 1022,Racing,1,1,Recreativo,18,09,1,11,21,19,22,10,11,17,16,14,27,9,7,0,0,1,X
Case 1023,Barcelona,5,0,Deportivo,19,09,1,1,47,54,13,23,24,7,30,23,22,19,11,0,0,1,1
Case 1024,Sevilla,1,0,Numancia,19,09,1,3,35,27,16,17,18,15,20,24,36,17,3,0,0,1,1
Case 1025,Athletic,3,2,Valencia,19,09,1,11,23,24,27,13,10,4,34,36,24,22,12,0,0,1,1
Case 1026,Getafe,0,1,Racing,19,09,1,13,21,24,29,11,10,12,22,20,23,11,11,0,0,1,2
Case 1027,Recreativo,2,0,Sporting,19,09,1,17,17,15,28,9,8,9,24,26,37,12,12,0,0,1,1
Case 1028,Málaga,4,0,Espanyol,19,09,1,8,28,27,27,17,11,18,15,17,28,9,6,0,0,1,1
Case 1029,R.Madrid,3,1,Osasuna,19,09,1,2,35,38,26,22,13,20,13,19,26,10,3,0,0,1,1
Case 1030,Almería,1,1,At.Madrid,19,09,1,14,20,19,27,15,5,5,30,41,29,18,12,0,0,1,X
Case 1031,Valladolid,1,3,Betis,19,09,1,10,23,26,27,19,4,16,18,22,25,8,10,0,0,1,2
Case 1032,Villarreal,2,0,Mallorca,19,09,1,6,30,30,25,14,16,19,14,18,35,10,4,0,0,1,1
Case 1033,Barcelona,4,1,Numancia,20,09,1,1,50,59,13,26,24,17,20,24,37,17,3,0,0,1,1
Case 1034,Villarreal,1,1,Osasuna,20,09,1,5,33,32,25,17,16,20,13,20,29,10,3,0,0,1,X
Case 1035,Getafe,5,1,Sporting,20,09,1,14,21,24,30,11,10,11,24,26,39,12,12,0,0,1,1
Case 1036,Recreativo,1,0,Betis,20,09,1,16,20,17,28,12,8,13,21,25,26,8,13,0,0,1,1
Case 1037,Málaga,1,1,At.Madrid,20,09,1,7,31,31,27,20,11,6,31,42,30,18,13,0,0,1,X
Case 1038,Mallorca,3,1,Valencia,20,09,1,19,14,18,37,10,4,4,34,38,27,22,12,0,0,1,1
Case 1039,R.Madrid,1,0,Deportivo,20,09,1,2,38,41,27,25,13,8,30,23,27,19,11,0,0,1,1
Case 1040,Sevilla,0,2,Racing,20,09,1,3,38,28,16,20,18,10,25,21,23,11,14,0,0,1,2
Case 1041,Almería,2,1,Athletic,20,09,1,15,21,20,28,16,5,9,26,27,29,16,10,0,0,1,1
Case 1042,Valladolid,1,1,Espanyol,20,09,1,12,23,27,30,19,4,18,15,17,32,9,6,0,0,1,X
Case 1043,Athletic,3,2,Málaga,21,09,1,10,26,28,31,16,10,7,32,32,28,21,11,0,0,1,1
Case 1044,Numancia,0,2,R.Madrid,21,09,1,17,20,25,41,17,3,2,41,42,27,28,13,0,0,1,2
Case 1045,At.Madrid,1,2,Valladolid,21,09,1,6,32,43,31,18,14,12,24,28,31,20,4,0,0,1,2
Case 1046,Betis,2,2,Getafe,21,09,1,16,21,25,27,8,13,11,24,29,31,14,10,0,0,1,X
Case 1047,Deportivo,3,0,Villarreal,21,09,1,8,30,23,28,19,11,5,34,33,26,18,16,0,0,1,1
Case 1048,Espanyol,1,1,Recreativo,21,09,1,19,16,18,33,9,7,15,23,18,28,15,8,0,0,1,X
Case 1049,Sporting,1,0,Sevilla,21,09,1,14,24,27,44,12,12,3,38,28,18,20,18,0,0,1,1
Case 1050,Osasuna,1,0,Mallorca,21,09,1,20,14,21,30,10,4,18,17,21,38,13,4,0,0,1,1
Case 1051,Racing,1,2,Barcelona,21,09,1,9,28,23,23,11,17,1,53,63,14,29,24,0,0,1,2
Case 1052,Valencia,3,2,Almería,21,09,1,4,34,39,30,22,12,13,24,22,29,19,5,0,0,1,1
Case 1053,R.Madrid,1,0,Racing,22,09,1,2,44,44,27,28,16,10,28,24,25,11,17,0,0,1,1
Case 1054,Sevilla,1,2,Betis,22,09,1,3,38,28,19,20,18,16,22,27,29,9,13,0,0,1,2
Case 1055,Barcelona,3,1,Sporting,22,09,1,1,56,65,15,29,27,12,27,28,44,15,12,0,0,1,1
Case 1056,Getafe,1,1,Espanyol,22,09,1,13,25,31,33,14,11,19,17,19,34,10,7,0,0,1,X
Case 1057,Recreativo,0,3,At.Madrid,22,09,1,15,24,19,29,15,9,7,32,44,33,18,14,0,0,1,2
Case 1058,Málaga,3,2,Almería,22,09,1,8,32,34,31,21,11,14,24,24,32,19,5,0,0,1,1
Case 1059,Mallorca,1,1,Deportivo,22,09,1,20,17,21,39,13,4,6,33,26,28,22,11,0,0,1,X
Case 1060,Osasuna,1,0,Valencia,22,09,1,18,17,22,30,13,4,4,37,42,32,25,12,0,0,1,1
Case 1061,Valladolid,2,1,Athletic,22,09,1,11,27,30,32,20,7,9,29,31,33,19,10,0,0,1,1
Case 1062,Villarreal,2,1,Numancia,22,09,1,5,34,33,29,18,16,17,20,25,43,17,3,0,0,1,1
Case 1063,Betis,2,2,Barcelona,23,09,1,14,25,29,30,9,16,1,59,68,16,32,27,0,0,1,X
Case 1064,Deportivo,0,0,Osasuna,23,09,1,8,34,27,29,22,12,17,20,23,30,16,4,0,0,1,X
Case 1065,Valencia,1,1,Málaga,23,09,1,4,37,42,33,25,12,7,35,37,33,24,11,0,0,1,X
Case 1066,Athletic,1,1,Recreativo,23,09,1,10,29,32,35,19,10,16,24,19,32,15,9,0,0,1,X
Case 1067,At.Madrid,1,1,Getafe,23,09,1,6,35,47,33,18,17,13,26,32,34,15,11,0,0,1,X
Case 1068,Espanyol,0,2,Sevilla,23,09,1,19,18,20,35,10,8,3,38,29,21,20,18,0,0,1,2
Case 1069,Sporting,0,4,R.Madrid,23,09,1,12,27,29,47,15,12,2,47,45,27,31,16,0,0,1,2
Case 1070,Numancia,0,1,Mallorca,23,09,1,18,20,26,45,17,3,20,18,22,40,14,4,0,0,1,2
Case 1071,Racing,1,1,Villarreal,23,09,1,11,28,24,26,11,17,5,37,35,30,21,16,0,0,1,X
Case 1072,Almería,3,2,Valladolid,23,09,1,15,24,26,35,19,5,9,30,32,33,23,7,0,0,1,1
Case 1073,Barcelona,1,2,Espanyol,24,09,1,1,60,70,18,32,28,20,18,20,37,10,8,0,0,1,2
Case 1074,R.Madrid,6,1,Betis,24,09,1,2,50,49,27,31,19,15,26,31,32,10,16,0,0,1,1
Case 1075,Sevilla,1,0,At.Madrid,24,09,1,3,41,31,21,20,21,6,36,48,34,19,17,0,0,1,1
Case 1076,Villarreal,2,1,Sporting,24,09,1,5,38,36,31,21,17,14,27,29,51,15,12,0,0,1,1
Case 1077,Deportivo,1,1,Valencia,24,09,1,8,35,27,29,23,12,4,38,43,34,26,12,0,0,1,X
Case 1078,Getafe,1,1,Athletic,24,09,1,12,27,33,35,15,12,9,30,33,36,20,10,0,0,1,X
Case 1079,Recreativo,1,1,Almería,24,09,1,16,25,20,33,15,10,13,27,29,37,22,5,0,0,1,X
Case 1080,Mallorca,1,0,Racing,24,09,1,18,21,23,40,14,7,11,29,25,27,12,17,0,0,1,1
Case 1081,Osasuna,2,0,Numancia,24,09,1,17,21,23,30,16,5,19,20,26,46,17,3,0,0,1,1
Case 1082,Valladolid,1,3,Málaga,24,09,1,10,30,34,36,23,7,7,36,38,34,24,12,0,0,1,2
Case 1083,Athletic,1,2,Sevilla,25,09,1,9,31,34,37,20,11,3,44,32,21,23,21,0,0,1,2
Case 1084,Espanyol,0,2,R.Madrid,25,09,1,19,21,22,38,10,11,2,53,55,28,34,19,0,0,1,2
Case 1085,At.Madrid,4,3,Barcelona,25,09,1,7,36,48,35,19,17,1,60,71,20,32,28,0,0,1,1
Case 1086,Betis,2,2,Villarreal,25,09,1,16,26,32,38,10,16,4,41,38,32,24,17,0,0,1,X
Case 1087,Sporting,0,1,Mallorca,25,09,1,14,27,30,53,15,12,18,24,24,40,17,7,0,0,1,2
Case 1088,Málaga,0,2,Recreativo,25,09,1,6,39,41,35,24,15,15,26,21,34,16,10,0,0,1,2
Case 1089,Numancia,0,1,Deportivo,25,09,1,20,20,26,48,17,3,8,36,28,30,24,12,0,0,1,2
Case 1090,Racing,1,1,Osasuna,25,09,1,11,29,25,28,12,17,17,24,25,30,19,5,0,0,1,X
Case 1091,Almería,2,1,Getafe,25,09,1,13,28,30,38,22,6,12,28,34,36,16,12,0,0,1,1
Case 1092,Valencia,1,2,Valladolid,25,09,1,5,39,44,35,26,13,10,30,35,39,23,7,0,0,1,2
Case 1093,Barcelona,2,0,Athletic,26,09,1,1,60,74,24,32,28,11,31,35,39,20,11,0,0,1,1
Case 1094,R.Madrid,1,1,At.Madrid,26,09,1,2,56,57,28,34,22,5,39,52,38,22,17,0,0,1,X
Case 1095,Villarreal,1,0,Espanyol,26,09,1,4,42,40,34,24,18,19,21,22,40,10,11,0,0,1,1
Case 1096,Deportivo,5,3,Racing,26,09,1,8,39,29,30,24,15,12,30,26,29,13,17,0,0,1,1
Case 1097,Getafe,1,2,Málaga,26,09,1,14,28,35,38,16,12,7,39,41,37,24,15,0,0,1,2
Case 1098,Recreativo,2,3,Valladolid,26,09,1,13,29,23,34,16,13,9,33,37,40,23,10,0,0,1,2
Case 1099,Mallorca,3,3,Betis,26,09,1,16,27,25,40,17,10,15,27,34,40,11,16,0,0,1,X
Case 1100,Numancia,2,1,Valencia,26,09,1,20,20,26,49,17,3,6,39,45,37,26,13,0,0,1,1
Case 1101,Osasuna,1,2,Sporting,26,09,1,18,25,26,31,19,6,17,27,30,54,15,12,0,0,1,2
Case 1102,Sevilla,2,1,Almería,26,09,1,3,47,34,22,23,24,10,31,32,39,25,6,0,0,1,1
Case 1103,Athletic,2,5,R.Madrid,27,09,1,11,31,35,41,20,11,2,57,58,29,35,22,0,0,1,2
Case 1104,Valencia,1,1,Recreativo,27,09,1,8,39,46,39,26,13,14,29,25,37,16,13,0,0,1,X
Case 1105,At.Madrid,3,2,Villarreal,27,09,1,7,40,53,39,22,18,4,45,41,34,27,18,0,0,1,1
Case 1106,Betis,0,0,Osasuna,27,09,1,16,28,37,43,11,17,18,25,27,33,19,6,0,0,1,X
Case 1107,Espanyol,3,3,Mallorca,27,09,1,20,21,22,41,10,11,17,28,28,43,18,10,0,0,1,X
Case 1108,Sporting,3,2,Deportivo,27,09,1,13,30,32,55,15,15,6,42,34,33,27,15,0,0,1,1
Case 1109,Málaga,2,2,Sevilla,27,09,1,5,42,43,38,24,18,3,50,36,23,26,24,0,0,1,X
Case 1110,Racing,5,0,Numancia,27,09,1,12,30,29,34,13,17,19,23,28,50,20,3,0,0,1,1
Case 1111,Almería,0,2,Barcelona,27,09,1,10,31,33,41,25,6,1,63,76,24,35,28,0,0,1,2
Case 1112,Valladolid,1,0,Getafe,27,09,1,9,36,40,42,23,13,15,28,36,40,16,12,0,0,1,1
Case 1113,Sevilla,4,1,Valladolid,28,09,1,3,51,38,25,26,25,9,39,41,42,26,13,0,0,1,1
Case 1114,Villarreal,2,0,Athletic,28,09,1,4,45,43,37,27,18,13,31,37,46,20,11,0,0,1,1
Case 1115,Barcelona,6,0,Málaga,28,09,1,1,66,78,24,35,31,6,43,45,40,25,18,0,0,1,1
Case 1116,Deportivo,1,1,Betis,28,09,1,7,42,36,36,27,15,15,29,37,43,12,17,0,0,1,X
Case 1117,Getafe,2,1,Recreativo,28,09,1,17,28,36,41,16,12,14,30,26,38,16,14,0,0,1,1
Case 1118,Mallorca,2,0,At.Madrid,28,09,1,16,29,31,46,18,11,5,43,56,41,25,18,0,0,1,1
Case 1119,Numancia,2,1,Sporting,28,09,1,19,23,28,55,20,3,11,33,35,57,18,15,0,0,1,1
Case 1120,Osasuna,1,0,Espanyol,28,09,1,18,26,27,33,19,7,20,22,25,44,11,11,0,0,1,1
Case 1121,Racing,0,1,Valencia,28,09,1,10,33,34,34,16,17,8,40,47,40,27,13,0,0,1,2
Case 1122,R.Madrid,3,0,Almería,28,09,1,2,60,63,31,35,25,12,31,33,43,25,6,0,0,1,1
Case 1123,Athletic,2,1,Mallorca,29,09,1,15,31,37,48,20,11,12,32,33,46,21,11,0,0,1,1
Case 1124,Betis,3,3,Numancia,29,09,1,17,30,38,44,12,18,19,26,30,56,23,3,0,0,1,X
Case 1125,Recreativo,0,1,Sevilla,29,09,1,16,30,27,40,16,14,3,54,42,26,29,25,0,0,1,2
Case 1126,Málaga,0,1,R.Madrid,29,09,1,8,43,45,46,25,18,2,63,66,31,38,25,0,0,1,2
Case 1127,Almería,3,0,Villarreal,29,09,1,13,31,33,46,25,6,4,48,45,37,30,18,0,0,1,1
Case 1128,Valladolid,0,1,Barcelona,29,09,1,9,39,42,46,26,13,1,69,84,24,38,31,0,0,1,2
Case 1129,At.Madrid,2,4,Osasuna,29,09,1,5,43,56,43,25,18,18,29,28,33,22,7,0,0,1,2
Case 1130,Espanyol,3,1,Deportivo,29,09,1,20,22,25,45,11,11,7,43,37,37,28,15,0,0,1,1
Case 1131,Sporting,0,2,Racing,29,09,1,11,33,36,59,18,15,10,33,34,35,16,17,0,0,1,2
Case 1132,Valencia,4,1,Getafe,29,09,1,6,43,48,40,27,16,14,31,38,42,19,12,0,0,1,1
Case 1133,Barcelona,2,0,Recreativo,30,09,1,1,72,85,24,38,34,18,30,27,41,16,14,0,0,1,1
Case 1134,Villarreal,0,2,Málaga,30,09,1,4,48,45,40,30,18,7,43,45,47,25,18,0,0,1,2
Case 1135,Deportivo,1,2,At.Madrid,30,09,1,8,43,38,40,28,15,6,43,58,47,25,18,0,0,1,2
Case 1136,Sporting,2,3,Valencia,30,09,1,13,33,36,61,18,15,5,46,52,41,30,16,0,0,1,2
Case 1137,Mallorca,2,0,Almería,30,09,1,15,32,34,48,21,11,11,34,36,46,28,6,0,0,1,1
Case 1138,Numancia,0,0,Espanyol,30,09,1,19,27,33,59,23,4,20,25,28,46,14,11,0,0,1,X
Case 1139,Osasuna,2,1,Athletic,30,09,1,14,32,32,35,22,10,12,34,39,49,23,11,0,0,1,1
Case 1140,Racing,2,3,Betis,30,09,1,10,36,36,35,16,20,16,31,41,47,13,18,0,0,1,2
Case 1141,R.Madrid,2,0,Valladolid,30,09,1,2,66,67,31,38,28,9,39,42,47,26,13,0,0,1,1
Case 1142,Sevilla,0,1,Getafe,30,09,1,3,57,43,26,29,28,17,31,39,46,19,12,0,0,1,2
Case 1143,Athletic,0,1,Deportivo,31,09,1,15,34,40,51,23,11,8,43,39,42,28,15,0,0,1,2
Case 1144,At.Madrid,3,0,Numancia,31,09,1,6,46,60,48,25,21,19,28,33,59,24,4,0,0,1,1
Case 1145,Getafe,0,1,Barcelona,31,09,1,14,34,40,46,19,15,1,75,87,24,41,34,0,0,1,2
Case 1146,Recreativo,0,1,R.Madrid,31,09,1,18,30,27,43,16,14,2,69,69,31,41,28,0,0,1,2
Case 1147,Málaga,1,1,Mallorca,31,09,1,7,46,47,47,25,21,12,35,36,48,24,11,0,0,1,X
Case 1148,Betis,2,0,Sporting,31,09,1,13,34,44,49,13,21,17,33,38,64,18,15,0,0,1,1
Case 1149,Espanyol,1,0,Racing,31,09,1,20,26,28,46,14,12,10,36,38,38,16,20,0,0,1,1
Case 1150,Almería,2,1,Osasuna,31,09,1,16,34,36,48,28,6,11,35,34,36,25,10,0,0,1,1
Case 1151,Valencia,3,1,Sevilla,31,09,1,4,49,55,43,30,19,3,57,43,27,29,28,0,0,1,1
Case 1152,Valladolid,0,0,Villarreal,31,09,1,9,39,42,49,26,13,5,48,45,42,30,18,0,0,1,X
Case 1153,Numancia,1,2,Athletic,32,09,1,20,28,33,62,24,4,16,34,40,52,23,11,0,0,1,2
Case 1154,R.Madrid,3,2,Getafe,32,09,1,2,72,70,31,41,31,15,34,40,47,19,15,0,0,1,1
Case 1155,Barcelona,4,0,Sevilla,32,09,1,1,78,88,24,41,37,3,57,44,30,29,28,0,0,1,1
Case 1156,Betis,1,2,Valencia,32,09,1,10,37,46,49,16,21,4,52,58,44,33,19,0,0,1,2
Case 1157,Deportivo,2,0,Almería,32,09,1,8,46,40,42,28,18,11,37,38,49,31,6,0,0,1,1
Case 1158,Osasuna,2,3,Málaga,32,09,1,14,35,35,38,25,10,7,47,48,48,26,21,0,0,1,2
Case 1159,Sporting,0,3,Espanyol,32,09,1,17,33,38,66,18,15,19,29,29,46,17,12,0,0,1,2
Case 1160,Mallorca,2,0,Valladolid,32,09,1,12,36,37,49,24,12,9,40,42,49,27,13,0,0,1,1
Case 1161,Racing,5,1,At.Madrid,32,09,1,13,36,38,39,16,20,5,49,63,48,28,21,0,0,1,1
Case 1162,Villarreal,2,1,Recreativo,32,09,1,6,49,45,42,30,19,18,30,27,44,16,14,0,0,1,1
Case 1163,Málaga,1,1,Deportivo,33,09,1,6,50,51,50,26,24,8,49,42,42,31,18,0,0,1,X
Case 1164,Almería,2,1,Numancia,33,09,1,14,37,38,51,31,6,20,28,34,64,24,4,0,0,1,1
Case 1165,Valencia,2,2,Barcelona,33,09,1,4,55,60,45,33,22,1,81,92,24,44,37,0,0,1,X
Case 1166,Athletic,2,1,Racing,33,09,1,13,37,42,53,23,14,11,39,43,40,19,20,0,0,1,1
Case 1167,At.Madrid,3,1,Sporting,33,09,1,7,49,64,53,28,21,17,33,38,69,18,15,0,0,1,1
Case 1168,Espanyol,2,0,Betis,33,09,1,18,32,32,46,17,15,12,37,47,51,16,21,0,0,1,1
Case 1169,Getafe,1,2,Villarreal,33,09,1,16,34,42,50,19,15,5,52,47,43,33,19,0,0,1,2
Case 1170,Recreativo,2,4,Mallorca,33,09,1,19,30,28,46,16,14,10,39,39,49,27,12,0,0,1,2
Case 1171,Sevilla,2,4,R.Madrid,33,09,1,3,57,44,34,29,28,2,75,73,33,44,31,0,0,1,2
Case 1172,Valladolid,0,0,Osasuna,33,09,1,9,40,42,51,27,13,15,35,37,41,25,10,0,0,1,X
Case 1173,Numancia,2,0,Málaga,34,09,1,20,28,35,66,24,4,7,51,52,51,27,24,0,0,1,1
Case 1174,R.Madrid,2,6,Barcelona,34,09,1,2,78,77,35,44,34,1,82,94,26,44,38,0,0,1,2
Case 1175,Villarreal,0,2,Sevilla,34,09,1,5,55,49,44,33,22,3,57,46,38,29,28,0,0,1,2
Case 1176,Betis,0,2,At.Madrid,34,09,1,14,37,47,53,16,21,6,52,67,54,31,21,0,0,1,2
Case 1177,Deportivo,1,0,Valladolid,34,09,1,8,50,43,43,31,19,10,41,42,51,28,13,0,0,1,1
Case 1178,Espanyol,3,0,Valencia,34,09,1,16,35,34,46,20,15,4,56,62,47,34,22,0,0,1,1
Case 1179,Sporting,1,1,Athletic,34,09,1,18,33,39,72,18,15,12,40,44,54,26,14,0,0,1,X
Case 1180,Mallorca,2,1,Getafe,34,09,1,9,42,43,51,27,15,17,34,43,52,19,15,0,0,1,1
Case 1181,Osasuna,1,2,Recreativo,34,09,1,15,36,37,41,25,11,19,30,30,50,16,14,0,0,1,2
Case 1182,Racing,0,2,Almería,34,09,1,13,39,44,42,19,20,11,40,40,52,34,6,0,0,1,2
Case 1183,Athletic,1,0,Betis,35,09,1,11,41,45,55,26,15,15,37,47,55,16,21,0,0,1,1
Case 1184,Sevilla,3,1,Mallorca,35,09,1,3,60,48,38,29,31,9,45,45,52,30,15,0,0,1,1
Case 1185,Valencia,3,0,R.Madrid,35,09,1,4,56,62,50,34,22,2,78,79,41,44,34,0,0,1,1
Case 1186,At.Madrid,3,2,Espanyol,35,09,1,5,55,69,54,31,24,14,38,37,46,23,15,0,0,1,1
Case 1187,Barcelona,3,3,Villarreal,35,09,1,1,85,100,28,44,41,6,55,49,46,33,22,0,0,1,X
Case 1188,Getafe,3,0,Osasuna,35,09,1,17,34,44,54,19,15,16,36,38,43,25,11,0,0,1,1
Case 1189,Recreativo,1,2,Deportivo,35,09,1,19,33,32,51,16,17,7,53,44,43,34,19,0,0,1,2
Case 1190,Málaga,1,0,Racing,35,09,1,8,51,52,53,27,24,13,39,44,44,19,20,0,0,1,1
Case 1191,Almería,3,1,Sporting,35,09,1,10,43,42,52,34,9,18,34,40,73,19,15,0,0,1,1
Case 1192,Valladolid,0,0,Numancia,35,09,1,12,41,42,52,28,13,20,31,37,66,27,4,0,0,1,X
Case 1193,Deportivo,1,1,Getafe,36,09,1,6,56,46,44,34,22,15,37,47,54,22,15,0,0,1,X
Case 1194,Osasuna,0,0,Sevilla,36,09,1,17,36,38,46,25,11,3,63,51,39,32,31,0,0,1,X
Case 1195,Villarreal,3,2,R.Madrid,36,09,1,7,56,52,49,33,23,2,78,79,44,44,34,0,0,1,1
Case 1196,At.Madrid,1,0,Valencia,36,09,1,5,58,72,56,34,24,4,59,65,50,37,22,0,0,1,1
Case 1197,Betis,2,0,Almería,36,09,1,16,37,47,56,16,21,9,46,45,53,37,9,0,0,1,1
Case 1198,Espanyol,1,0,Athletic,36,09,1,14,38,39,49,23,15,11,44,46,55,29,15,0,0,1,1
Case 1199,Sporting,2,1,Málaga,36,09,1,18,34,41,76,19,15,8,54,53,53,30,24,0,0,1,1
Case 1200,Mallorca,2,1,Barcelona,36,09,1,10,45,46,55,30,15,1,86,103,31,45,41,0,0,1,1
Case 1201,Numancia,1,0,Recreativo,36,09,1,20,32,37,66,27,5,19,33,33,53,16,17,0,0,1,1
Case 1202,Racing,3,2,Valladolid,36,09,1,13,39,44,45,19,20,12,42,42,52,29,13,0,0,1,1
Case 1203,Athletic,1,4,At.Madrid,37,09,1,11,44,46,56,29,15,4,61,73,56,37,24,0,0,1,2
Case 1204,Barcelona,0,1,Osasuna,37,09,1,1,86,104,33,45,41,18,37,38,46,26,11,0,0,1,2
Case 1205,Getafe,1,0,Numancia,37,09,1,16,38,48,55,22,16,19,35,38,66,30,5,0,0,1,1
Case 1206,Recreativo,0,1,Racing,37,09,1,20,33,33,54,16,17,12,42,47,47,22,20,0,0,1,2
Case 1207,Málaga,1,1,Betis,37,09,1,8,54,54,55,30,24,15,40,49,56,19,21,0,0,1,X
Case 1208,Sevilla,1,0,Deportivo,37,09,1,3,64,51,39,32,32,7,57,47,45,35,22,0,0,1,1
Case 1209,Almería,0,3,Espanyol,37,09,1,10,46,45,55,37,9,14,41,40,49,26,15,0,0,1,2
Case 1210,Valladolid,1,2,Sporting,37,09,1,13,42,44,55,29,13,17,37,43,77,22,15,0,0,1,2
Case 1211,Villarreal,3,1,Valencia,37,09,1,6,59,55,51,36,23,5,59,65,51,37,22,0,0,1,1
Case 1212,R.Madrid,1,3,Mallorca,37,09,1,2,78,81,47,44,34,9,48,48,56,33,15,0,0,1,2
Case 1213,At.Madrid,3,0,Almería,38,09,1,4,64,77,57,37,27,10,46,45,58,37,9,0,0,1,1
Case 1214,Deportivo,1,1,Barcelona,38,09,1,7,57,47,46,35,22,1,86,104,34,45,41,0,0,1,X
Case 1215,Mallorca,2,3,Villarreal,38,09,1,9,51,51,57,33,18,5,62,58,52,39,23,0,0,1,2
Case 1216,Valencia,2,0,Athletic,38,09,1,6,59,66,54,37,22,13,44,47,60,29,15,0,0,1,1
Case 1217,Betis,1,1,Valladolid,38,09,1,16,41,50,57,19,22,14,42,45,57,29,13,0,0,1,X
Case 1218,Espanyol,3,0,Málaga,38,09,1,12,44,43,49,26,18,8,55,55,56,31,24,0,0,1,1
Case 1219,Sporting,2,1,Recreativo,38,09,1,17,40,45,78,22,18,20,33,33,55,16,17,0,0,1,1
Case 1220,Numancia,0,2,Sevilla,38,09,1,19,35,38,67,30,5,3,67,52,39,35,32,0,0,1,2
Case 1221,Osasuna,2,1,R.Madrid,38,09,1,18,40,39,46,26,14,2,78,82,50,44,34,0,0,1,1
Case 1222,Racing,1,1,Getafe,38,09,1,11,45,48,47,22,23,15,41,49,55,25,16,0,0,1,X


Case 1685,Murcia,2,1,Zaragoza,1,08,1,0,0,0,0,0,0,0,0,0,0,0,0,0,0,1,1
Case 1686,R.Madrid,2,1,At.Madrid,1,08,1,0,0,0,0,0,0,0,0,0,0,0,0,0,0,1,1
Case 1687,Sevilla,4,1,Getafe,1,08,1,0,0,0,0,0,0,0,0,0,0,0,0,0,0,1,1
Case 1688,Athletic,0,0,Osasuna,1,08,1,0,0,0,0,0,0,0,0,0,0,0,0,0,0,1,X
Case 1689,Deportivo,0,3,Almería,1,08,1,0,0,0,0,0,0,0,0,0,0,0,0,0,0,1,2
Case 1690,Espanyol,0,1,Valladolid,1,08,1,0,0,0,0,0,0,0,0,0,0,0,0,0,0,1,2
Case 1691,Recreativo,1,1,Betis,1,08,1,0,0,0,0,0,0,0,0,0,0,0,0,0,0,1,X
Case 1692,Mallorca,3,0,Levante,1,08,1,0,0,0,0,0,0,0,0,0,0,0,0,0,0,1,1
Case 1693,Racing,0,0,Barcelona,1,08,1,0,0,0,0,0,0,0,0,0,0,0,0,0,0,1,X
Case 1694,Valencia,0,3,Villarreal,1,08,1,0,0,0,0,0,0,0,0,0,0,0,0,0,0,1,2
Case 1695,Levante,0,0,Murcia,2,08,1,18,0,0,3,0,0,6,3,2,1,3,0,0,0,1,X
Case 1696,Zaragoza,1,1,Racing,2,08,1,14,0,1,2,0,0,13,1,0,0,1,0,0,0,1,X
Case 1697,At.Madrid,1,1,Mallorca,2,08,1,15,0,1,2,0,0,4,3,3,0,3,0,0,0,1,X
Case 1698,Barcelona,3,1,Athletic,2,08,1,12,1,0,0,0,1,11,1,0,0,1,0,0,0,1,1
Case 1699,Betis,2,2,Espanyol,2,08,1,8,1,1,1,0,1,16,0,0,1,0,0,0,0,1,X
Case 1700,Getafe,1,1,Recreativo,2,08,1,17,0,1,4,0,0,9,1,1,1,1,0,0,0,1,X
Case 1701,Almería,1,2,Valencia,2,08,1,2,3,3,0,0,3,20,0,0,3,0,0,0,0,1,2
Case 1702,Valladolid,2,2,Deportivo,2,08,1,7,3,1,0,0,3,19,0,0,3,0,0,0,0,1,X
Case 1703,Villarreal,0,5,R.Madrid,2,08,1,3,3,3,0,0,3,5,3,2,1,3,0,0,0,1,2
Case 1704,Osasuna,1,1,Sevilla,2,08,1,10,1,0,0,0,1,1,3,4,1,3,0,0,0,1,X
Case 1705,Athletic,1,1,Zaragoza,3,08,1,17,17,15,16,8,9,14,18,21,22,14,4,0,0,1,X
Case 1706,R.Madrid,3,1,Almería,3,08,1,1,32,33,14,21,11,7,16,12,15,8,8,0,0,1,1
Case 1707,Valencia,2,1,Valladolid,3,08,1,9,24,20,23,9,15,4,16,21,26,9,7,0,0,1,1
Case 1708,Deportivo,1,0,Betis,3,08,1,18,13,13,21,4,9,10,11,13,22,8,3,0,0,1,1
Case 1709,Espanyol,1,0,Getafe,3,08,1,16,26,20,15,14,12,19,18,16,17,14,4,0,0,1,1
Case 1710,Mallorca,0,1,Villarreal,3,08,1,2,20,24,21,11,9,8,28,26,21,16,12,0,0,1,2
Case 1711,Murcia,1,1,At.Madrid,3,08,1,5,15,10,15,9,6,15,27,29,17,16,11,0,0,1,X
Case 1712,Osasuna,0,0,Barcelona,3,08,1,13,16,17,18,9,7,3,28,27,11,21,7,0,0,1,X
Case 1713,Racing,1,0,Levante,3,08,1,12,23,12,12,14,9,20,7,11,29,7,0,0,0,1,1
Case 1714,Sevilla,4,1,Recreativo,3,08,1,6,16,25,21,12,4,11,15,10,19,11,4,0,0,1,1
Case 1715,Barcelona,2,1,Sevilla,4,08,1,5,5,3,1,3,2,2,6,8,2,6,0,0,0,1,1
Case 1716,Recreativo,2,1,Espanyol,4,08,1,18,2,3,6,1,1,10,4,3,3,3,1,0,0,1,1
Case 1717,At.Madrid,4,0,Racing,4,08,1,16,2,3,4,1,1,7,5,2,1,4,1,0,0,1,1
Case 1718,Betis,1,2,Valencia,4,08,1,14,2,3,4,1,1,4,6,4,5,3,3,0,0,1,2
Case 1719,Getafe,0,0,Deportivo,4,08,1,19,1,2,6,1,0,11,4,3,5,3,1,0,0,1,X
Case 1720,Levante,1,2,Athletic,4,08,1,20,1,0,4,1,0,17,2,2,4,2,0,0,0,1,2
Case 1721,Almería,1,1,Mallorca,4,08,1,12,3,5,5,0,3,8,4,4,2,3,1,0,0,1,X
Case 1722,Valladolid,1,1,R.Madrid,4,08,1,9,4,4,4,1,3,1,9,10,2,6,3,0,0,1,X
Case 1723,Villarreal,2,0,Murcia,4,08,1,3,6,4,5,0,6,6,5,3,2,4,1,0,0,1,1
Case 1724,Zaragoza,2,1,Osasuna,4,08,1,15,2,3,4,1,1,13,2,0,0,1,1,0,0,1,1
Case 1725,Sevilla,2,3,Espanyol,5,08,1,5,6,9,4,6,0,16,4,4,5,3,1,0,0,1,2
Case 1726,Athletic,0,2,At.Madrid,5,08,1,10,5,4,5,2,3,6,5,7,4,4,1,0,0,1,2
Case 1727,Barcelona,4,1,Zaragoza,5,08,1,4,8,5,2,6,2,9,5,5,5,4,1,0,0,1,1
Case 1728,Deportivo,0,2,Recreativo,5,08,1,13,5,3,5,3,2,12,5,5,7,4,1,0,0,1,2
Case 1729,Mallorca,4,2,Valladolid,5,08,1,7,5,5,3,3,2,8,5,5,5,2,3,0,0,1,1
Case 1730,Murcia,0,1,Almería,5,08,1,11,5,3,4,4,1,15,4,6,6,1,3,0,0,1,2
Case 1731,Osasuna,4,1,Levante,5,08,1,17,2,1,2,1,1,20,1,1,6,1,0,0,0,1,1
Case 1732,Racing,0,2,Villarreal,5,08,1,14,5,2,5,4,1,2,9,6,5,3,6,0,0,1,2
Case 1733,Valencia,2,1,Getafe,5,08,1,3,9,6,6,3,6,19,2,2,6,2,0,0,0,1,1
Case 1734,R.Madrid,2,0,Betis,5,08,1,1,10,11,3,6,4,18,2,4,6,1,1,0,0,1,1
Case 1735,Levante,1,4,Barcelona,6,08,1,20,1,2,10,1,0,4,11,9,3,9,2,0,0,1,2
Case 1736,Zaragoza,2,0,Sevilla,6,08,1,14,5,6,9,4,1,10,6,11,7,6,0,0,0,1,1
Case 1737,At.Madrid,2,0,Osasuna,6,08,1,5,8,9,4,4,4,11,5,5,3,4,1,0,0,1,1
Case 1738,Betis,3,0,Mallorca,6,08,1,18,2,4,8,1,1,6,8,9,5,6,2,0,0,1,1
Case 1739,Espanyol,1,0,Deportivo,6,08,1,9,7,7,7,3,4,16,5,3,7,3,2,0,0,1,1
Case 1740,Getafe,0,1,R.Madrid,6,08,1,19,2,3,8,2,0,1,13,13,3,9,4,0,0,1,2
Case 1741,Recreativo,0,1,Valencia,6,08,1,7,8,7,7,4,4,3,12,8,7,6,6,0,0,1,2
Case 1742,Almería,0,1,Racing,6,08,1,8,7,7,6,1,6,17,5,2,7,4,1,0,0,1,2
Case 1743,Valladolid,1,4,Murcia,6,08,1,12,5,7,9,2,3,13,5,3,5,4,1,0,0,1,2
Case 1744,Villarreal,1,0,Athletic,6,08,1,2,12,8,5,3,9,15,5,4,7,2,3,0,0,1,1
Case 1745,Valencia,1,2,Espanyol,7,08,1,3,15,9,7,6,9,6,10,8,7,6,4,0,0,1,2
Case 1746,Athletic,1,1,Almería,7,08,1,16,5,4,8,2,3,12,7,7,7,1,6,0,0,1,X
Case 1747,Barcelona,3,0,At.Madrid,7,08,1,4,14,13,4,9,5,5,11,11,4,7,4,0,0,1,1
Case 1748,Mallorca,4,2,Getafe,7,08,1,7,8,9,8,6,2,19,2,3,9,2,0,0,0,1,1
Case 1749,Murcia,0,0,Betis,7,08,1,8,8,7,6,4,4,15,5,7,8,4,1,0,0,1,X
Case 1750,Osasuna,3,2,Villarreal,7,08,1,14,5,5,5,4,1,2,15,9,5,6,9,0,0,1,1
Case 1751,Racing,2,0,Valladolid,7,08,1,11,8,3,7,4,4,17,5,8,13,2,3,0,0,1,1
Case 1752,R.Madrid,2,0,Recreativo,7,08,1,1,16,14,3,9,7,10,8,7,8,4,4,0,0,1,1
Case 1753,Sevilla,0,1,Deportivo,7,08,1,13,6,11,9,6,0,18,5,3,8,3,2,0,0,1,2
Case 1754,Zaragoza,3,0,Levante,7,08,1,9,8,8,9,7,1,20,1,3,14,1,0,0,0,1,1
Case 1755,Deportivo,2,4,Valencia,08,08,1,14,8,4,8,3,5,4,15,10,9,6,9,0,0,1,2
Case 1756,Espanyol,2,1,R.Madrid,08,08,1,5,13,10,8,6,7,1,19,16,3,12,7,0,0,1,1
Case 1757,Levante,0,2,Sevilla,08,08,1,20,1,3,17,1,0,15,6,11,10,6,0,0,0,1,2
Case 1758,Villarreal,3,1,Barcelona,08,08,1,3,15,11,8,6,9,2,17,16,4,12,5,0,0,1,1
Case 1759,At.Madrid,4,0,Zaragoza,08,08,1,6,11,11,7,7,4,8,11,11,9,10,1,0,0,1,1
Case 1760,Betis,1,1,Racing,08,08,1,16,6,7,8,4,2,9,11,5,7,7,4,0,0,1,X
Case 1761,Getafe,2,0,Murcia,08,08,1,19,2,5,13,2,0,10,9,7,6,5,4,0,0,1,1
Case 1762,Recreativo,0,2,Mallorca,08,08,1,13,8,7,10,4,4,7,11,13,10,9,2,0,0,1,2
Case 1763,Almería,2,0,Osasuna,08,08,1,12,8,8,8,1,7,11,8,8,7,7,1,0,0,1,1
Case 1764,Valladolid,1,2,Athletic,08,08,1,18,5,8,15,2,3,17,6,5,9,3,3,0,0,1,2
Case 1765,Athletic,0,0,Betis,9,08,1,13,9,7,10,3,6,17,7,8,9,5,2,0,0,1,X
Case 1766,Mallorca,2,2,Espanyol,9,08,1,7,14,15,10,9,5,5,16,12,9,9,7,0,0,1,X
Case 1767,Barcelona,2,0,Almería,9,08,1,4,17,17,7,12,5,9,11,10,8,4,7,0,0,1,1
Case 1768,Levante,0,1,At.Madrid,9,08,1,20,1,3,19,1,0,6,14,15,7,10,4,0,0,1,2
Case 1769,Murcia,1,0,Recreativo,9,08,1,12,9,7,8,5,4,15,8,7,12,4,4,0,0,1,1
Case 1770,Osasuna,2,2,Valladolid,9,08,1,14,8,8,9,7,1,19,5,9,17,2,3,0,0,1,X
Case 1771,Racing,2,0,Getafe,9,08,1,8,12,6,8,7,5,18,5,7,13,5,0,0,0,1,1
Case 1772,R.Madrid,3,1,Deportivo,9,08,1,1,19,17,5,12,7,16,8,6,12,3,5,0,0,1,1
Case 1773,Sevilla,3,0,Valencia,9,08,1,11,9,13,10,6,3,3,18,14,11,6,12,0,0,1,1
Case 1774,Zaragoza,4,1,Villarreal,9,08,1,10,11,11,13,10,1,2,18,14,9,9,9,0,0,1,1
Case 1775,At.Madrid,4,3,Sevilla,10,08,1,5,17,16,7,10,7,10,12,16,10,9,3,0,0,1,1
Case 1776,Betis,0,3,Osasuna,10,08,1,15,8,8,9,5,3,14,9,10,11,8,1,0,0,1,2
Case 1777,Deportivo,1,1,Mallorca,10,08,1,17,8,7,15,3,5,7,15,17,12,10,5,0,0,1,X
Case 1778,Getafe,2,0,Athletic,10,08,1,19,5,7,15,5,0,13,10,7,10,4,6,0,0,1,1
Case 1779,Recreativo,0,0,Racing,10,08,1,16,8,7,13,4,4,8,15,8,8,10,5,0,0,1,X
Case 1780,Almería,0,1,Zaragoza,10,08,1,12,11,10,10,4,7,9,14,15,14,13,1,0,0,1,2
Case 1781,Valencia,1,5,R.Madrid,10,08,1,4,18,14,14,6,12,1,22,20,6,15,7,0,0,1,2
Case 1782,Villarreal,3,0,Levante,10,08,1,3,18,15,13,9,9,20,1,3,20,1,0,0,0,1,1
Case 1783,Espanyol,0,0,Murcia,10,08,1,6,17,14,11,9,8,11,12,8,8,8,4,0,0,1,X
Case 1784,Valladolid,1,1,Barcelona,10,08,1,18,6,11,19,2,4,2,20,19,7,15,5,0,0,1,X
Case 1785,Mallorca,0,2,Valencia,11,08,1,8,16,18,13,10,6,6,18,15,19,6,12,0,0,1,2
Case 1786,Sevilla,2,0,R.Madrid,11,08,1,11,12,19,14,9,3,1,25,25,7,15,10,0,0,1,1
Case 1787,Athletic,2,0,Recreativo,11,08,1,14,10,7,12,4,6,15,9,7,13,5,4,0,0,1,1
Case 1788,At.Madrid,3,4,Villarreal,11,08,1,4,20,20,10,13,7,3,21,18,13,12,9,0,0,1,2
Case 1789,Barcelona,3,0,Betis,11,08,1,2,21,20,8,15,6,17,8,8,12,5,3,0,0,1,1
Case 1790,Levante,3,0,Almería,11,08,1,20,1,3,23,1,0,13,11,10,11,4,7,0,0,1,1
Case 1791,Murcia,0,2,Deportivo,11,08,1,10,13,8,8,8,5,16,9,8,16,4,5,0,0,1,2
Case 1792,Osasuna,0,2,Getafe,11,08,1,12,12,13,11,8,4,18,8,9,15,8,0,0,0,1,2
Case 1793,Racing,1,1,Espanyol,11,08,1,9,16,8,8,10,6,5,18,14,11,10,8,0,0,1,X
Case 1794,Zaragoza,2,3,Valladolid,11,08,1,7,17,16,14,13,4,19,7,12,20,3,4,0,0,1,2
Case 1795,Getafe,2,0,Barcelona,12,08,1,15,11,11,15,8,3,2,24,23,8,18,6,0,0,1,1
Case 1796,Valencia,3,0,Murcia,12,08,1,4,21,17,19,6,15,11,13,8,10,8,5,0,0,1,1
Case 1797,Betis,2,1,Zaragoza,12,08,1,19,8,8,15,5,3,7,17,18,17,13,4,0,0,1,1
Case 1798,Deportivo,0,1,Racing,12,08,1,14,12,10,16,4,8,8,17,9,9,11,6,0,0,1,2
Case 1799,Espanyol,2,1,Athletic,12,08,1,6,19,15,12,10,9,12,13,9,12,7,6,0,0,1,1
Case 1800,Recreativo,1,0,Osasuna,12,08,1,18,9,7,15,5,4,13,12,13,13,8,4,0,0,1,1
Case 1801,R.Madrid,4,3,Mallorca,12,08,1,1,25,25,9,15,10,9,16,18,15,10,6,0,0,1,1
Case 1802,Almería,0,0,At.Madrid,12,08,1,16,11,10,14,4,7,5,20,23,14,13,7,0,0,1,X
Case 1803,Valladolid,1,0,Levante,12,08,1,17,10,15,22,3,7,20,4,6,23,4,0,0,0,1,1
Case 1804,Villarreal,3,2,Sevilla,12,08,1,3,24,22,16,12,12,10,15,21,14,12,3,0,0,1,1
Case 1805,Barcelona,3,0,Recreativo,13,08,1,3,24,23,10,18,6,18,12,8,15,8,4,0,0,1,1
Case 1806,Murcia,1,1,R.Madrid,13,08,1,13,13,8,13,8,5,1,28,29,12,18,10,0,0,1,X
Case 1807,Sevilla,1,2,Mallorca,13,08,1,10,15,23,17,12,3,9,16,21,19,10,6,0,0,1,2
Case 1808,Athletic,2,2,Deportivo,13,08,1,12,13,10,14,7,6,17,12,10,17,4,8,0,0,1,X
Case 1809,At.Madrid,4,3,Valladolid,13,08,1,6,21,23,14,13,8,14,13,16,22,6,7,0,0,1,1
Case 1810,Levante,4,3,Betis,13,08,1,20,4,6,24,4,0,19,11,10,16,8,3,0,0,1,1
Case 1811,Osasuna,1,2,Espanyol,13,08,1,15,12,13,14,8,4,5,22,17,13,13,9,0,0,1,2
Case 1812,Racing,1,0,Valencia,13,08,1,7,20,10,9,11,9,4,24,20,19,9,15,0,0,1,1
Case 1813,Villarreal,1,1,Almería,13,08,1,2,27,25,18,15,12,16,12,10,14,5,7,0,0,1,X
Case 1814,Zaragoza,1,1,Getafe,13,08,1,8,17,19,19,13,4,11,14,13,15,11,3,0,0,1,X
Case 1815,Espanyol,1,1,Barcelona,14,08,1,4,25,19,14,13,12,3,27,26,10,21,6,0,0,1,X
Case 1816,R.Madrid,3,1,Racing,14,08,1,1,29,30,13,18,11,7,23,11,9,14,9,0,0,1,1
Case 1817,Almería,1,0,Sevilla,14,08,1,14,13,11,15,5,8,10,15,24,19,12,3,0,0,1,1
Case 1818,Betis,0,2,At.Madrid,14,08,1,19,11,13,20,8,3,5,24,27,17,16,8,0,0,1,2
Case 1819,Deportivo,1,2,Osasuna,14,08,1,16,13,12,19,4,9,17,12,14,16,8,4,0,0,1,2
Case 1820,Getafe,2,1,Levante,14,08,1,11,15,14,16,11,4,20,7,10,27,7,0,0,0,1,1
Case 1821,Recreativo,2,1,Zaragoza,14,08,1,18,12,8,18,8,4,9,18,20,20,14,4,0,0,1,1
Case 1822,Mallorca,1,1,Murcia,14,08,1,8,19,23,20,10,9,13,14,9,14,9,5,0,0,1,X
Case 1823,Valencia,0,3,Athletic,14,08,1,6,24,20,20,9,15,12,14,12,16,8,6,0,0,1,2
Case 1824,Valladolid,2,0,Villarreal,14,08,1,15,13,19,26,6,7,2,28,26,19,16,12,0,0,1,1
Case 1825,Athletic,0,1,R.Madrid,15,08,1,11,17,15,16,8,9,1,32,33,14,21,11,0,0,1,2
Case 1826,Osasuna,0,0,Valencia,15,08,1,15,15,16,17,8,7,6,24,20,23,9,15,0,0,1,X
Case 1827,At.Madrid,1,0,Getafe,15,08,1,4,27,29,17,16,11,10,18,16,17,14,4,0,0,1,1
Case 1828,Barcelona,2,1,Deportivo,15,08,1,2,28,27,11,21,7,18,13,13,21,4,9,0,0,1,1
Case 1829,Levante,0,2,Recreativo,15,08,1,20,7,11,29,7,0,17,15,10,19,11,4,0,0,1,2
Case 1830,Racing,3,1,Mallorca,15,08,1,7,23,12,12,14,9,8,20,24,21,11,9,0,0,1,1
Case 1831,Sevilla,3,1,Murcia,15,08,1,14,15,24,20,12,3,16,15,10,15,9,6,0,0,1,1
Case 1832,Almería,1,0,Valladolid,15,08,1,12,16,12,15,8,8,13,16,21,26,9,7,0,0,1,1
Case 1833,Villarreal,0,1,Betis,15,08,1,3,28,26,21,16,12,19,11,13,22,8,3,0,0,1,2
Case 1834,Zaragoza,3,3,Espanyol,15,08,1,9,18,21,22,14,4,5,26,20,15,14,12,0,0,1,X
Case 1835,Espanyol,1,0,Levante,16,08,1,5,27,23,18,14,13,20,7,11,31,7,0,0,0,1,1
Case 1836,Valencia,0,3,Barcelona,16,08,1,7,25,20,23,9,16,2,31,29,12,24,7,0,0,1,2
Case 1837,Betis,3,1,Almería,16,08,1,18,14,14,22,8,6,11,19,13,15,11,8,0,0,1,1
Case 1838,Deportivo,1,1,Zaragoza,16,08,1,19,13,14,23,4,9,10,19,24,25,15,4,0,0,1,X
Case 1839,Getafe,1,3,Villarreal,16,08,1,12,18,16,18,14,4,4,28,26,22,16,12,0,0,1,2
Case 1840,Recreativo,0,0,At.Madrid,16,08,1,13,18,12,19,11,7,3,30,30,17,19,11,0,0,1,X
Case 1841,Mallorca,0,0,Athletic,16,08,1,8,20,25,24,11,9,15,17,15,17,8,9,0,0,1,X
Case 1842,Murcia,2,1,Racing,16,08,1,17,15,11,18,9,6,6,26,15,13,17,9,0,0,1,1
Case 1843,R.Madrid,2,0,Osasuna,16,08,1,1,35,34,14,21,14,14,17,17,18,10,7,0,0,1,1
Case 1844,Valladolid,0,0,Sevilla,16,08,1,16,16,21,27,9,7,9,19,28,22,15,4,0,0,1,X
Case 1845,Sevilla,4,1,Racing,17,08,1,9,20,28,22,15,5,6,26,16,15,17,9,0,0,1,1
Case 1846,Almería,0,2,Getafe,17,08,1,11,19,14,18,11,8,14,18,17,21,14,4,0,0,1,2
Case 1847,Zaragoza,2,2,Valencia,17,08,1,10,20,25,26,15,5,7,25,20,26,9,16,0,0,1,X
Case 1848,Athletic,1,1,Murcia,17,08,1,13,18,15,17,8,10,15,18,13,19,12,6,0,0,1,X
Case 1849,At.Madrid,1,2,Espanyol,17,08,1,3,31,30,17,19,12,5,30,24,18,17,13,0,0,1,2
Case 1850,Barcelona,0,1,R.Madrid,17,08,1,2,34,32,12,24,10,1,38,36,14,24,14,0,0,1,2
Case 1851,Levante,0,1,Deportivo,17,08,1,20,7,11,32,7,0,19,14,15,24,5,9,0,0,1,2
Case 1852,Osasuna,3,1,Mallorca,17,08,1,16,17,17,20,10,7,8,21,25,24,12,9,0,0,1,1
Case 1853,Valladolid,0,0,Betis,17,08,1,17,17,21,27,10,7,18,17,17,23,11,6,0,0,1,X
Case 1854,Villarreal,1,1,Recreativo,17,08,1,4,31,29,23,16,15,12,19,12,19,12,7,0,0,1,X
Case 1855,Espanyol,3,0,Villarreal,108,08,1,3,33,26,19,17,16,4,32,30,24,17,15,0,0,1,1
Case 1856,Mallorca,0,2,Barcelona,108,08,1,10,21,26,27,12,9,2,34,32,13,24,10,0,0,1,2
Case 1857,Deportivo,0,3,At.Madrid,108,08,1,19,17,16,24,5,12,5,31,31,19,19,12,0,0,1,2
Case 1858,Getafe,0,3,Valladolid,108,08,1,11,21,19,21,14,7,17,18,21,27,11,7,0,0,1,2
Case 1859,Recreativo,1,1,Almería,108,08,1,13,20,13,20,12,8,15,19,14,20,11,8,0,0,1,X
Case 1860,Murcia,2,0,Osasuna,108,08,1,16,19,14,20,12,7,12,20,20,21,13,7,0,0,1,1
Case 1861,Racing,1,0,Athletic,108,08,1,6,26,17,19,17,9,14,19,16,18,9,10,0,0,1,1
Case 1862,R.Madrid,2,0,Zaragoza,108,08,1,1,41,37,14,24,17,9,21,27,28,16,5,0,0,1,1
Case 1863,Sevilla,3,0,Betis,108,08,1,8,23,32,23,18,5,18,18,17,23,11,7,0,0,1,1
Case 1864,Valencia,0,0,Levante,108,08,1,7,26,22,28,9,17,20,7,11,33,7,0,0,0,1,X
Case 1865,Athletic,2,0,Sevilla,19,08,1,17,19,16,19,9,10,8,26,35,23,21,5,0,0,1,1
Case 1866,Barcelona,4,0,Murcia,19,08,1,2,37,34,13,24,13,9,22,16,20,15,7,0,0,1,1
Case 1867,At.Madrid,1,0,Valencia,19,08,1,4,34,34,19,19,15,7,27,22,28,10,17,0,0,1,1
Case 1868,Betis,3,2,Getafe,19,08,1,18,18,17,26,11,7,13,21,19,24,14,7,0,0,1,1
Case 1869,Levante,0,2,R.Madrid,19,08,1,20,8,11,33,7,1,1,44,39,14,27,17,0,0,1,2
Case 1870,Osasuna,0,2,Racing,19,08,1,15,20,20,23,13,7,6,29,18,19,20,9,0,0,1,2
Case 1871,Almería,1,0,Espanyol,19,08,1,16,20,15,21,11,9,3,36,29,19,20,16,0,0,1,1
Case 1872,Valladolid,3,1,Recreativo,19,08,1,12,21,24,27,11,10,14,21,14,21,13,8,0,0,1,1
Case 1873,Villarreal,4,3,Deportivo,19,08,1,5,32,30,27,17,15,19,17,16,27,5,12,0,0,1,1
Case 1874,Zaragoza,2,2,Mallorca,19,08,1,10,21,27,30,16,5,11,21,26,29,12,9,0,0,1,X
Case 1875,Getafe,3,2,Sevilla,20,08,1,15,21,21,27,14,7,8,26,35,25,21,5,0,0,1,1
Case 1876,Villarreal,3,0,Valencia,20,08,1,5,35,34,30,20,15,7,27,22,29,10,17,0,0,1,1
Case 1877,At.Madrid,0,2,R.Madrid,20,08,1,3,37,35,19,22,15,1,47,41,14,27,20,0,0,1,2
Case 1878,Barcelona,1,0,Racing,20,08,1,2,40,38,13,27,13,6,32,20,19,20,12,0,0,1,1
Case 1879,Betis,1,1,Recreativo,20,08,1,16,21,20,28,14,7,17,21,15,24,13,8,0,0,1,X
Case 1880,Levante,2,2,Mallorca,20,08,1,20,8,11,35,7,1,13,22,28,31,12,10,0,0,1,X
Case 1881,Osasuna,2,0,Athletic,20,08,1,18,20,20,25,13,7,11,22,18,19,12,10,0,0,1,1
Case 1882,Almería,1,0,Deportivo,20,08,1,10,23,16,21,14,9,19,17,19,31,5,12,0,0,1,1
Case 1883,Valladolid,2,1,Espanyol,20,08,1,9,24,27,28,14,10,4,36,29,20,20,16,0,0,1,1
Case 1884,Zaragoza,3,1,Murcia,20,08,1,12,22,29,32,17,5,14,22,16,24,15,7,0,0,1,1
Case 1885,Sevilla,2,1,Osasuna,21,08,1,9,26,37,28,21,5,14,23,22,25,16,7,0,0,1,1
Case 1886,Athletic,1,1,Barcelona,21,08,1,15,22,18,21,12,10,2,43,39,13,30,13,0,0,1,X
Case 1887,Deportivo,3,1,Valladolid,21,08,1,19,17,19,32,5,12,7,27,29,29,17,10,0,0,1,1
Case 1888,Espanyol,1,2,Betis,21,08,1,5,36,30,22,20,16,16,22,21,29,15,7,0,0,1,2
Case 1889,Recreativo,1,3,Getafe,21,08,1,17,22,16,25,13,9,12,24,24,29,17,7,0,0,1,2
Case 1890,Mallorca,1,0,At.Madrid,21,08,1,13,23,30,33,12,11,4,37,35,21,22,15,0,0,1,1
Case 1891,Murcia,2,3,Levante,21,08,1,18,22,17,27,15,7,20,9,13,37,8,1,0,0,1,2
Case 1892,Racing,2,2,Zaragoza,21,08,1,6,32,20,20,20,12,11,25,32,33,20,5,0,0,1,X
Case 1893,R.Madrid,3,2,Villarreal,21,08,1,1,50,43,14,27,23,3,38,37,30,23,15,0,0,1,1
Case 1894,Valencia,0,1,Almería,21,08,1,8,27,22,32,10,17,10,26,17,21,17,9,0,0,1,2
Case 1895,Betis,0,1,Deportivo,22,08,1,14,25,23,30,15,10,19,20,22,33,8,12,0,0,1,2
Case 1896,Almería,2,0,R.Madrid,22,08,1,8,29,18,21,17,12,1,53,46,16,30,23,0,0,1,1
Case 1897,At.Madrid,1,1,Murcia,22,08,1,4,37,35,22,22,15,17,22,19,30,15,7,0,0,1,X
Case 1898,Barcelona,1,0,Osasuna,22,08,1,2,44,40,14,30,14,15,23,23,27,16,7,0,0,1,1
Case 1899,Getafe,0,1,Espanyol,22,08,1,10,27,27,30,17,10,5,36,31,24,20,16,0,0,1,2
Case 1900,Recreativo,1,2,Sevilla,22,08,1,18,22,17,28,13,9,7,29,39,29,24,5,0,0,1,2
Case 1901,Levante,1,1,Racing,22,08,1,20,12,16,39,8,4,6,33,22,22,21,12,0,0,1,X
Case 1902,Valladolid,0,2,Valencia,22,08,1,9,27,30,32,17,10,11,27,22,33,10,17,0,0,1,2
Case 1903,Villarreal,1,1,Mallorca,22,08,1,3,38,39,33,23,15,13,26,31,33,15,11,0,0,1,X
Case 1904,Zaragoza,1,0,Athletic,22,08,1,12,26,34,35,20,6,16,23,19,22,13,10,0,0,1,1
Case 1905,Deportivo,1,1,Getafe,23,08,1,17,23,23,33,8,15,13,27,27,31,17,10,0,0,1,X
Case 1906,Murcia,0,1,Villarreal,23,08,1,18,23,20,31,15,8,4,39,40,34,24,15,0,0,1,2
Case 1907,Sevilla,1,1,Barcelona,23,08,1,7,32,41,30,24,8,2,47,41,14,33,14,0,0,1,X
Case 1908,Athletic,1,0,Levante,23,08,1,15,23,19,23,13,10,20,13,17,40,9,4,0,0,1,1
Case 1909,Espanyol,1,2,Recreativo,23,08,1,3,39,32,24,20,19,19,22,18,30,13,9,0,0,1,2
Case 1910,Mallorca,0,0,Almería,23,08,1,11,27,32,34,15,12,8,32,20,21,20,12,0,0,1,X
Case 1911,Osasuna,1,0,Zaragoza,23,08,1,16,23,23,28,16,7,10,29,35,35,23,6,0,0,1,1
Case 1912,Racing,0,2,At.Madrid,23,08,1,6,34,23,23,21,13,5,38,36,23,23,15,0,0,1,2
Case 1913,R.Madrid,7,0,Valladolid,23,08,1,1,53,46,18,30,23,12,27,30,34,17,10,0,0,1,1
Case 1914,Valencia,3,1,Betis,23,08,1,9,30,24,33,10,20,14,25,23,31,15,10,0,0,1,1
Case 1915,Betis,2,1,R.Madrid,24,08,1,16,25,24,34,15,10,1,56,53,18,33,23,0,0,1,1
Case 1916,Espanyol,2,4,Sevilla,24,08,1,5,39,33,26,20,19,7,33,42,31,25,8,0,0,1,2
Case 1917,Zaragoza,1,2,Barcelona,24,08,1,10,29,35,36,23,6,2,48,42,15,33,15,0,0,1,2
Case 1918,At.Madrid,1,2,Athletic,24,08,1,4,41,38,23,23,18,15,26,20,23,16,10,0,0,1,2
Case 1919,Getafe,0,0,Valencia,24,08,1,12,28,28,32,17,11,9,33,27,34,13,20,0,0,1,X
Case 1920,Recreativo,3,2,Deportivo,24,08,1,17,25,20,31,13,12,18,24,24,34,9,15,0,0,1,1
Case 1921,Levante,2,1,Osasuna,24,08,1,20,13,17,41,9,4,14,26,24,28,19,7,0,0,1,1
Case 1922,Almería,1,0,Murcia,24,08,1,8,33,20,21,20,13,19,23,20,32,15,8,0,0,1,1
Case 1923,Valladolid,1,1,Mallorca,24,08,1,13,27,30,41,17,10,11,28,32,34,16,12,0,0,1,X
Case 1924,Villarreal,0,0,Racing,24,08,1,3,42,41,34,24,18,6,34,23,25,21,13,0,0,1,X
Case 1925,Sevilla,5,0,Zaragoza,25,08,1,6,36,46,33,25,11,10,29,36,38,23,6,0,0,1,1
Case 1926,Valencia,1,1,Recreativo,25,08,1,9,34,27,34,13,21,15,28,23,33,16,12,0,0,1,X
Case 1927,Athletic,1,2,Villarreal,25,08,1,12,29,22,24,16,13,3,43,41,34,25,18,0,0,1,2
Case 1928,Barcelona,5,1,Levante,25,08,1,2,51,44,16,33,18,20,16,19,42,12,4,0,0,1,1
Case 1929,Deportivo,2,0,Espanyol,25,08,1,18,24,26,37,9,15,5,39,35,30,20,19,0,0,1,1
Case 1930,Mallorca,1,1,Betis,25,08,1,11,29,33,35,16,13,14,28,26,35,18,10,0,0,1,X
Case 1931,Murcia,0,1,Valladolid,25,08,1,19,23,20,33,15,8,16,28,31,42,18,10,0,0,1,2
Case 1932,Osasuna,3,1,At.Madrid,25,08,1,17,26,25,30,19,7,4,41,39,25,23,18,0,0,1,1
Case 1933,Racing,1,0,Almería,25,08,1,8,35,23,25,21,14,7,36,21,21,23,13,0,0,1,1
Case 1934,R.Madrid,0,1,Getafe,25,08,1,1,56,54,20,33,23,13,29,28,32,18,11,0,0,1,2
Case 1935,At.Madrid,4,2,Barcelona,26,08,1,4,41,40,28,23,18,2,54,49,17,36,18,0,0,1,1
Case 1936,Deportivo,2,1,Sevilla,26,08,1,18,27,28,37,12,15,5,39,51,33,28,11,0,0,1,1
Case 1937,Espanyol,2,0,Valencia,26,08,1,6,39,35,32,20,19,9,35,28,35,14,21,0,0,1,1
Case 1938,Recreativo,2,3,R.Madrid,26,08,1,17,29,24,34,16,13,1,56,54,21,33,23,0,0,1,2
Case 1939,Betis,4,0,Murcia,26,08,1,16,29,27,36,18,11,19,23,20,34,15,8,0,0,1,1
Case 1940,Getafe,3,3,Mallorca,26,08,1,10,32,29,32,18,14,12,30,34,36,17,13,0,0,1,X
Case 1941,Levante,2,1,Zaragoza,26,08,1,20,16,20,47,12,4,15,29,36,43,23,6,0,0,1,1
Case 1942,Almería,1,1,Athletic,26,08,1,8,36,21,22,23,13,14,29,23,26,16,13,0,0,1,X
Case 1943,Valladolid,0,1,Racing,26,08,1,11,31,32,42,18,13,7,38,24,25,24,14,0,0,1,2
Case 1944,Villarreal,0,0,Osasuna,26,08,1,3,46,43,35,25,21,13,29,28,31,22,7,0,0,1,X
Case 1945,R.Madrid,2,1,Espanyol,27,08,1,1,59,57,23,33,26,5,42,37,32,23,19,0,0,1,1
Case 1946,Zaragoza,2,1,At.Madrid,27,08,1,17,29,37,45,23,6,4,44,44,30,26,18,0,0,1,1
Case 1947,Athletic,2,0,Valladolid,27,08,1,15,30,24,27,16,14,13,31,32,43,18,13,0,0,1,1
Case 1948,Barcelona,1,2,Villarreal,27,08,1,2,54,51,21,36,18,3,47,43,35,26,21,0,0,1,2
Case 1949,Mallorca,7,1,Recreativo,27,08,1,12,31,37,39,17,14,18,29,26,37,16,13,0,0,1,1
Case 1950,Murcia,0,3,Getafe,27,08,1,19,23,20,38,15,8,10,33,32,35,19,14,0,0,1,2
Case 1951,Osasuna,2,1,Almería,27,08,1,14,30,28,31,22,8,8,37,22,23,24,13,0,0,1,1
Case 1952,Racing,3,0,Betis,27,08,1,6,41,25,25,24,17,11,32,31,36,21,11,0,0,1,1
Case 1953,Sevilla,2,1,Levante,27,08,1,7,39,52,35,28,11,20,19,22,48,15,4,0,0,1,1
Case 1954,Valencia,2,2,Deportivo,27,08,1,9,35,28,37,14,21,16,30,30,38,15,15,0,0,1,X
Case 1955,Betis,1,2,Athletic,208,08,1,15,32,31,39,21,11,13,33,26,27,19,14,0,0,1,2
Case 1956,Deportivo,1,0,R.Madrid,208,08,1,16,31,32,40,15,16,1,62,59,24,36,26,0,0,1,1
Case 1957,Recreativo,4,2,Murcia,208,08,1,18,29,27,44,16,13,19,23,20,41,15,8,0,0,1,1
Case 1958,Valencia,1,2,Sevilla,208,08,1,9,36,30,39,15,21,6,42,54,36,31,11,0,0,1,2
Case 1959,At.Madrid,3,0,Levante,208,08,1,4,44,45,32,26,18,20,19,23,50,15,4,0,0,1,1
Case 1960,Espanyol,2,1,Mallorca,208,08,1,7,42,38,34,23,19,11,34,44,40,20,14,0,0,1,1
Case 1961,Getafe,2,1,Racing,208,08,1,10,36,35,35,19,17,5,44,28,25,27,17,0,0,1,1
Case 1962,Almería,2,2,Barcelona,208,08,1,8,37,23,25,24,13,2,54,52,23,36,18,0,0,1,X
Case 1963,Valladolid,0,0,Osasuna,208,08,1,17,31,32,45,18,13,12,33,30,32,25,8,0,0,1,X
Case 1964,Villarreal,2,0,Zaragoza,208,08,1,3,50,45,36,26,24,14,32,39,46,26,6,0,0,1,1
Case 1965,Mallorca,1,0,Deportivo,29,08,1,12,34,45,42,20,14,14,34,33,40,18,16,0,0,1,1
Case 1966,Sevilla,1,2,At.Madrid,29,08,1,5,45,56,37,31,14,4,47,48,32,29,18,0,0,1,2
Case 1967,Athletic,1,0,Getafe,29,08,1,10,36,28,28,19,17,8,39,37,36,22,17,0,0,1,1
Case 1968,Barcelona,4,1,Valladolid,29,08,1,2,55,54,25,36,19,17,32,32,45,19,13,0,0,1,1
Case 1969,Levante,1,2,Villarreal,29,08,1,20,19,23,53,15,4,3,53,47,36,29,24,0,0,1,2
Case 1970,Murcia,4,0,Espanyol,29,08,1,19,23,22,45,15,8,6,45,40,35,26,19,0,0,1,1
Case 1971,Osasuna,0,1,Betis,29,08,1,13,34,30,32,25,9,15,32,32,41,21,11,0,0,1,2
Case 1972,Racing,2,0,Recreativo,29,08,1,7,44,29,27,27,17,18,32,31,46,19,13,0,0,1,1
Case 1973,R.Madrid,2,3,Valencia,29,08,1,1,62,59,25,36,26,11,36,31,41,15,21,0,0,1,2
Case 1974,Zaragoza,1,1,Almería,29,08,1,16,32,39,48,26,6,9,38,25,27,25,13,0,0,1,X
Case 1975,Betis,3,2,Barcelona,30,08,1,13,35,33,41,21,14,2,58,58,26,39,19,0,0,1,1
Case 1976,Villarreal,3,0,At.Madrid,30,08,1,3,56,49,37,29,27,4,50,50,33,29,21,0,0,1,1
Case 1977,Deportivo,3,1,Murcia,30,08,1,15,34,33,41,18,16,19,26,26,45,18,8,0,0,1,1
Case 1978,Espanyol,0,3,Racing,30,08,1,7,45,40,39,26,19,5,47,31,27,30,17,0,0,1,2
Case 1979,Getafe,0,2,Osasuna,30,08,1,9,39,37,37,22,17,14,34,30,33,25,9,0,0,1,2
Case 1980,Recreativo,1,1,Athletic,30,08,1,18,32,31,48,19,13,8,39,29,28,22,17,0,0,1,X
Case 1981,R.Madrid,3,1,Sevilla,30,08,1,1,62,61,28,36,26,6,45,57,39,31,14,0,0,1,1
Case 1982,Almería,2,1,Levante,30,08,1,10,39,26,28,25,14,20,19,24,55,15,4,0,0,1,1
Case 1983,Valencia,0,3,Mallorca,30,08,1,11,39,34,43,15,24,12,37,46,42,23,14,0,0,1,2
Case 1984,Valladolid,2,1,Zaragoza,30,08,1,17,32,33,49,19,13,16,33,40,49,27,6,0,0,1,1
Case 1985,Mallorca,1,1,R.Madrid,31,08,1,9,40,49,42,23,17,1,65,64,29,39,26,0,0,1,X
Case 1986,Osasuna,0,1,Recreativo,31,08,1,14,37,32,33,25,12,18,33,32,49,20,13,0,0,1,2
Case 1987,Athletic,1,0,Espanyol,31,08,1,10,40,30,29,22,18,7,45,40,42,26,19,0,0,1,1
Case 1988,At.Madrid,6,3,Almería,31,08,1,4,50,50,36,29,21,8,42,28,29,28,14,0,0,1,1
Case 1989,Barcelona,0,0,Getafe,31,08,1,3,58,60,29,39,19,12,39,37,39,22,17,0,0,1,X
Case 1990,Levante,0,3,Valladolid,31,08,1,20,19,25,57,15,4,16,35,35,50,22,13,0,0,1,2
Case 1991,Murcia,1,0,Valencia,31,08,1,19,26,27,48,18,8,11,39,34,46,15,24,0,0,1,1
Case 1992,Racing,1,3,Deportivo,31,08,1,5,50,34,27,30,20,15,37,36,42,21,16,0,0,1,2
Case 1993,Sevilla,2,0,Villarreal,31,08,1,6,45,58,42,31,14,2,59,52,37,32,27,0,0,1,1
Case 1994,Zaragoza,0,3,Betis,31,08,1,17,33,41,51,27,6,13,38,36,43,24,14,0,0,1,2
Case 1995,Recreativo,2,2,Barcelona,32,08,1,17,36,33,49,20,16,3,59,60,29,40,19,0,0,1,X
Case 1996,Valencia,1,2,Racing,32,08,1,14,39,34,47,15,24,5,50,35,30,30,20,0,0,1,2
Case 1997,Betis,0,1,Levante,32,08,1,10,41,39,43,24,17,20,19,25,60,15,4,0,0,1,2
Case 1998,Deportivo,3,0,Athletic,32,08,1,13,40,39,43,21,19,8,43,31,29,25,18,0,0,1,1
Case 1999,Espanyol,0,1,Osasuna,32,08,1,7,45,40,43,26,19,16,37,32,34,25,12,0,0,1,2
Case 2000,Getafe,0,0,Zaragoza,32,08,1,12,40,37,39,22,18,18,33,41,54,27,6,0,0,1,X
Case 2001,Mallorca,2,3,Sevilla,32,08,1,11,41,50,43,24,17,6,48,60,42,34,14,0,0,1,2
Case 2002,R.Madrid,1,0,Murcia,32,08,1,1,66,65,30,39,27,19,29,28,48,21,8,0,0,1,1
Case 2003,Almería,1,0,Villarreal,32,08,1,9,42,31,35,28,14,2,59,52,39,32,27,0,0,1,1
Case 2004,Valladolid,1,1,At.Madrid,32,08,1,15,38,38,50,22,16,4,53,56,39,32,21,0,0,1,X
Case 2005,At.Madrid,1,3,Betis,33,08,1,4,54,57,40,32,22,13,41,39,44,24,17,0,0,1,2
Case 2006,Barcelona,0,0,Espanyol,33,08,1,2,60,62,31,40,20,8,45,40,44,26,19,0,0,1,X
Case 2007,Sevilla,1,4,Almería,33,08,1,6,51,63,44,34,17,7,45,32,35,31,14,0,0,1,2
Case 2008,Zaragoza,3,0,Recreativo,33,08,1,18,34,41,54,27,7,17,37,35,51,21,16,0,0,1,1
Case 2009,Athletic,5,1,Valencia,33,08,1,9,43,31,32,25,18,15,39,35,49,15,24,0,0,1,1
Case 2010,Levante,3,1,Getafe,33,08,1,20,22,26,60,15,7,12,41,37,39,23,18,0,0,1,1
Case 2011,Murcia,1,4,Mallorca,33,08,1,19,29,28,49,21,8,11,41,52,46,24,17,0,0,1,2
Case 2012,Osasuna,0,1,Deportivo,33,08,1,14,40,33,34,25,15,10,43,42,43,24,19,0,0,1,2
Case 2013,Racing,0,2,R.Madrid,33,08,1,5,53,37,31,30,23,1,69,66,30,42,27,0,0,1,2
Case 2014,Villarreal,2,0,Valladolid,33,08,1,3,59,52,40,32,27,16,39,39,51,23,16,0,0,1,1
Case 2015,Deportivo,2,0,Barcelona,34,08,1,8,46,43,43,24,22,3,61,62,31,41,20,0,0,1,1
Case 2016,Murcia,0,0,Sevilla,34,08,1,19,29,29,53,21,8,6,51,64,48,34,17,0,0,1,X
Case 2017,Betis,0,1,Villarreal,34,08,1,11,44,42,45,24,20,2,62,54,40,35,27,0,0,1,2
Case 2018,Espanyol,1,1,Zaragoza,34,08,1,10,46,40,44,26,20,17,37,44,54,30,7,0,0,1,X
Case 2019,Getafe,1,1,At.Madrid,34,08,1,13,41,38,42,23,18,4,54,58,43,32,22,0,0,1,X
Case 2020,Recreativo,2,0,Levante,34,08,1,18,37,35,54,21,16,20,25,29,61,18,7,0,0,1,1
Case 2021,Mallorca,3,1,Racing,34,08,1,12,44,56,47,24,20,5,53,37,33,30,23,0,0,1,1
Case 2022,R.Madrid,3,0,Athletic,34,08,1,1,72,68,30,42,30,9,46,36,33,28,18,0,0,1,1
Case 2023,Valencia,3,0,Osasuna,34,08,1,15,39,36,54,15,24,14,40,33,35,25,15,0,0,1,1
Case 2024,Valladolid,1,0,Almería,34,08,1,16,39,39,53,23,16,7,48,36,36,31,17,0,0,1,1
Case 2025,At.Madrid,3,0,Recreativo,35,08,1,4,55,59,44,32,23,16,40,37,54,24,16,0,0,1,1
Case 2026,Zaragoza,1,0,Deportivo,35,08,1,18,38,45,55,30,8,7,49,45,43,27,22,0,0,1,1
Case 2027,Athletic,1,2,Mallorca,35,08,1,11,46,36,36,28,18,10,47,59,48,27,20,0,0,1,2
Case 2028,Barcelona,6,0,Valencia,35,08,1,3,61,62,33,41,20,15,42,39,54,18,24,0,0,1,1
Case 2029,Levante,1,1,Espanyol,35,08,1,20,25,29,63,18,7,9,47,41,45,27,20,0,0,1,X
Case 2030,Osasuna,1,2,R.Madrid,35,08,1,17,40,33,38,25,15,1,75,71,30,45,30,0,0,1,2
Case 2031,Racing,3,2,Murcia,35,08,1,5,53,38,36,30,23,19,30,29,53,22,8,0,0,1,1
Case 2032,Sevilla,2,0,Valladolid,35,08,1,6,52,64,48,34,18,14,42,40,53,26,16,0,0,1,1
Case 2033,Almería,1,1,Betis,35,08,1,8,48,36,37,31,17,12,44,42,46,24,20,0,0,1,X
Case 2034,Villarreal,2,0,Getafe,35,08,1,2,65,55,40,35,30,13,42,39,43,24,18,0,0,1,1
Case 2035,Betis,1,1,Valladolid,36,08,1,12,45,43,47,24,21,14,42,40,55,26,16,0,0,1,X
Case 2036,Deportivo,1,0,Levante,36,08,1,9,49,45,44,27,22,20,26,30,64,19,7,0,0,1,1
Case 2037,Getafe,4,2,Almería,36,08,1,13,42,39,45,24,18,8,49,37,38,32,17,0,0,1,1
Case 2038,Recreativo,0,2,Villarreal,36,08,1,17,40,37,57,24,16,2,68,57,40,38,30,0,0,1,2
Case 2039,Mallorca,2,1,Osasuna,36,08,1,7,50,61,49,27,23,18,40,34,40,25,15,0,0,1,1
Case 2040,Murcia,1,2,Athletic,36,08,1,19,30,31,56,22,8,11,46,37,38,28,18,0,0,1,2
Case 2041,Racing,0,3,Sevilla,36,08,1,5,56,41,38,33,23,6,55,66,48,37,18,0,0,1,2
Case 2042,R.Madrid,4,1,Barcelona,36,08,1,1,78,73,31,45,33,3,64,68,33,44,20,0,0,1,1
Case 2043,Valencia,1,0,Zaragoza,36,08,1,15,42,39,60,18,24,16,41,46,55,33,8,0,0,1,1
Case 2044,Espanyol,0,2,At.Madrid,36,08,1,10,48,42,46,27,21,4,58,62,44,35,23,0,0,1,2
Case 2045,Athletic,0,0,Racing,37,08,1,9,49,39,39,28,21,6,56,41,41,33,23,0,0,1,X
Case 2046,At.Madrid,1,0,Deportivo,37,08,1,4,61,64,44,35,26,8,52,46,44,30,22,0,0,1,1
Case 2047,Barcelona,2,3,Mallorca,37,08,1,3,64,69,37,44,20,7,53,63,50,30,23,0,0,1,2
Case 2048,Betis,0,2,Sevilla,37,08,1,12,46,44,48,25,21,5,58,69,48,37,21,0,0,1,2
Case 2049,Levante,1,5,Valencia,37,08,1,20,26,30,65,19,7,13,45,40,60,21,24,0,0,1,2
Case 2050,Osasuna,2,1,Murcia,37,08,1,18,40,35,42,25,15,19,30,32,58,22,8,0,0,1,1
Case 2051,Almería,0,2,Recreativo,37,08,1,10,49,39,42,32,17,17,40,37,59,24,16,0,0,1,2
Case 2052,Valladolid,0,0,Getafe,37,08,1,15,43,41,56,26,17,14,45,43,47,27,18,0,0,1,X
Case 2053,Villarreal,2,0,Espanyol,37,08,1,2,71,59,40,38,33,11,48,42,48,27,21,0,0,1,1
Case 2054,Zaragoza,2,2,R.Madrid,37,08,1,16,41,46,56,33,8,1,81,77,32,48,33,0,0,1,X
Case 2055,Murcia,3,5,Barcelona,308,08,1,19,30,33,60,22,8,3,64,71,40,44,20,0,0,1,2
Case 2056,Deportivo,0,2,Villarreal,308,08,1,8,52,46,45,30,22,2,74,61,40,41,33,0,0,1,2
Case 2057,Espanyol,1,3,Almería,308,08,1,11,48,42,50,27,21,10,49,39,44,32,17,0,0,1,2
Case 2058,Getafe,1,1,Betis,308,08,1,13,46,43,47,27,19,14,46,44,50,25,21,0,0,1,X
Case 2059,Recreativo,1,1,Valladoli,308,08,1,16,43,39,59,24,19,15,44,41,56,27,17,0,0,1,X
Case 2060,Mallorca,3,2,Zaragoza,308,08,1,7,56,66,52,30,26,18,42,48,58,34,8,0,0,1,1
Case 2061,Racing,1,0,Osasuna,308,08,1,6,57,41,41,33,24,17,43,37,43,28,15,0,0,1,1
Case 2062,R.Madrid,5,2,Levante,308,08,1,1,82,79,34,48,34,20,26,31,70,19,7,0,0,1,1
Case 2063,Sevilla,4,1,Athletic,308,08,1,5,61,71,48,37,24,9,50,39,39,29,21,0,0,1,1
Case 2064,Valencia,3,1,At.Madrid,308,08,1,12,48,45,61,21,27,4,64,65,44,38,26,0,0,1,1
